0.01 19.180557
0.010719 18.551461
0.01149 17.68765
0.012316 16.528615
0.013201 15.006243
0.01415 13.045613
0.015167 10.566116
0.016258 7.482875
0.017426 3.708401
0.018679 0
0.020022 0
0.021461 0
0.023004 0
0.024658 0
0.026431 0
0.028331 0
0.030368 0
0.032551 0
0.034891 0
0.037399 0
0.040088 0
0.04297 0
0.046059 0
0.04937 0
0.05292 0
0.056724 0
0.060802 0
0.065173 0
0.069859 0
0.074881 0
0.080264 0
0.086035 0
0.09222 0
0.09885 0
0.105956 0
0.113573 0
0.121738 0
0.13049 0
0.139871 0
0.149927 0
0.160705 0
0.172259 0
0.184642 0
0.197917 0
0.212145 0
0.227397 0
0.243744 0
0.261268 0
0.28005 0
0.300184 0
0.321764 0
0.344896 0
0.369691 0
0.396269 0
0.424757 0
0.455294 0
0.488025 0
0.52311 0
0.560717 0
0.601028 0
0.644236 0
0.690551 0
0.740196 0
0.79341 0
0.850449 0
0.911589 0
0.977124 0
1.047371 0
1.122668 0
1.203378 0
1.28989 0
1.382622 0
1.482021 0
1.588565 0
1.702769 0
1.825183 0
1.956398 0
2.097046 0
2.247806 0
2.409404 0
2.582619 0
2.768287 0
2.967302 0
3.180626 0
3.409285 0
3.654383 0
3.917101 0
4.198707 0
4.500558 0
4.824109 0
5.17092 0
5.542665 0
5.941134 10.196251
6.36825 63.0254
6.826072 112.787506
7.316807 159.019957
7.842822 201.282433
8.406653 239.163912
9.011018 272.28942
9.658832 300.32633
10.353218 322.990049
11.097525 340.048932
11.895341 351.328266
12.750512 356.713238
13.667164 356.150793
14.649714 349.650352
15.702901 337.283397
16.831804 319.18194
18.041864 295.535961
19.338918 266.589887
20.729218 232.638237
22.219469 194.020569
23.816856 151.115861
25.529081 104.336496
27.3644 54.121977
29.331663 0.932536
31.440355 0
33.700643 0
36.123427 0
38.720388 0
41.504048 0
44.487828 0
47.686117 0
51.114335 0
54.789012 0
58.727866 0
62.94989 0
67.475441 0
72.326339 0
77.525975 0
83.099419 0
89.073546 0
95.477161 0
102.34114 0
109.69858 0
117.584955 0
126.038293 0
135.099352 0
144.811823 0
155.222536 0
166.381689 0
178.343088 0
191.164408 0
204.907469 0
219.638537 0
235.428641 0
252.353917 0
270.495973 0
289.942285 0
310.786619 0
333.129479 0
357.078596 0
382.749448 0
410.265811 0
439.760361 0
471.375313 0
505.263107 0
541.587138 0
580.522552 0
622.257084 0
666.991966 0
714.942899 0
766.341087 0
821.434358 0
880.488358 0
943.787828 0
1011.63798 0
1084.365969 0
1162.322469 0
1245.883364 0
1335.451563 0
1431.458938 0
1534.368409 0
1644.676178 0
1762.914118 0
1889.65234 0
2025.501939 0
2171.117946 0
2327.202479 0
2494.508135 0
2673.841616 0
2866.067617 0
3072.112999 0
3292.971255 0
3529.707303 0
3783.462617 0
4055.460736 0
4347.013158 0
4659.525669 0
4994.505116 0
5353.566677 0
5738.441648 0
6150.985789 0
6593.188271 0
7067.181274 0
7575.250259 0
8119.844993 0
8703.591361 0
9329.304026 0
10000 0
