1 0
2 0
3 8
4 4
5 3
6 5
7 10
8 7
9 8
10 12
11 16
12 17
13 10
14 17
15 11
16 11
17 20
18 17
19 6
20 10
21 13
22 9
23 11
24 10
25 15
26 9
27 8
28 6
29 11
30 12
31 19
32 6
33 12
34 6
35 9
36 5
37 15
38 4
39 10
40 12
41 11
42 7
43 6
44 7
45 12
46 7
47 6
48 9
49 8
50 3
51 8
52 11
53 11
54 9
55 11
56 6
57 11
58 8
59 6
60 14
61 4
62 5
63 5
64 7
65 10
66 10
67 4
68 1
69 7
70 1
71 9
72 5
73 9
74 4
75 5
76 4
77 7
78 0
79 9
80 5
81 6
82 2
83 2
84 1
85 6
86 6
87 5
88 7
89 6
90 5
91 7
92 4
93 5
94 7
95 1
96 6
97 4
98 8
99 1
100 4
101 5
102 2
103 4
104 5
105 0
106 8
107 6
108 11
109 5
110 8
111 1
112 3
113 4
114 3
115 7
116 7
117 2
118 5
119 7
120 7
121 2
122 5
123 2
124 5
125 7
126 6
127 4
128 1
129 2
130 5
131 4
132 7
133 4
134 6
135 4
136 5
137 5
138 10
139 2
140 4
141 1
142 7
143 3
144 7
145 7
146 3
147 6
148 3
149 4
150 2
151 3
152 2
153 6
154 1
155 10
156 2
157 4
158 3
159 8
160 6
161 6
162 7
163 7
164 6
165 1
166 5
167 9
168 7
169 6
170 7
171 10
172 3
173 5
174 6
175 9
176 6
177 9
178 8
179 8
180 5
181 17
182 12
183 8
184 9
185 13
186 13
187 16
188 14
189 20
190 14
191 15
192 21
193 14
194 13
195 15
196 18
197 34
198 25
199 20
200 26
201 26
202 33
203 27
204 21
205 24
206 19
207 37
208 29
209 31
210 22
211 25
212 27
213 22
214 22
215 27
216 16
217 21
218 30
219 13
220 19
221 22
222 22
223 15
224 10
225 10
226 14
227 12
228 12
229 10
230 11
231 5
232 2
233 2
234 4
235 4
236 2
237 1
238 0
239 2
240 0
241 2
242 1
243 1
244 1
245 3
246 0
247 0
248 1
249 0
250 0
251 0
252 1
253 2
254 0
255 0
256 0
257 0
258 1
259 0
260 0
261 0
262 1
263 1
264 0
265 1
266 0
267 0
268 1
269 0
270 0
271 0
272 0
273 0
274 0
275 0
276 0
277 1
278 0
279 1
280 0
281 0
282 0
283 0
284 0
285 0
286 0
287 0
288 0
289 0
290 0
291 0
292 0
293 0
294 0
295 0
296 0
297 0
298 0
299 0
300 1
301 0
302 1
303 0
304 0
305 0
306 0
307 0
308 0
309 1
310 0
311 0
312 0
313 0
314 0
315 0
316 0
317 0
318 0
319 0
320 0
321 0
322 0
323 0
324 0
325 0
326 0
327 0
328 0
329 0
330 0
331 0
332 0
333 0
334 0
335 0
336 0
337 0
338 0
339 0
340 0
341 0
342 0
343 0
344 0
345 0
346 0
347 0
348 0
349 0
350 0
351 0
352 0
353 0
354 0
355 0
356 0
357 0
358 0
359 0
360 0
361 0
362 0
363 0
364 0
365 0
366 0
367 0
368 0
369 0
370 0
371 0
372 0
373 0
374 0
375 0
376 0
377 0
378 0
379 0
380 0
381 0
382 0
383 0
384 0
385 0
386 0
387 0
388 0
389 0
390 0
391 0
392 0
393 0
394 0
395 0
396 0
397 0
398 0
399 0
400 0
401 0
402 0
403 0
404 0
405 0
406 0
407 0
408 0
409 0
410 0
411 0
412 0
413 0
414 0
415 0
416 0
417 0
418 0
419 0
420 0
421 0
422 0
423 0
424 0
425 0
426 0
427 0
428 0
429 0
430 0
431 0
432 0
433 0
434 0
435 0
436 0
437 0
438 0
439 0
440 0
441 0
442 0
443 0
444 0
445 0
446 0
447 0
448 0
449 0
450 0
451 0
452 0
453 0
454 0
455 0
456 0
457 0
458 0
459 0
460 0
461 0
462 0
463 0
464 0
465 0
466 0
467 0
468 0
469 0
470 0
471 0
472 0
473 0
474 0
475 0
476 0
477 0
478 0
479 0
480 0
481 0
482 0
483 0
484 0
485 0
486 0
487 0
488 0
489 0
490 0
491 0
492 0
493 0
494 0
495 0
496 0
497 0
498 0
499 0
500 0
501 0
502 0
503 0
504 0
505 0
506 0
507 0
508 0
509 0
510 0
511 0
512 0
