1 0
2 1
3 4
4 8
5 5
6 7
7 10
8 7
9 7
10 11
11 6
12 17
13 5
14 11
15 12
16 10
17 15
18 6
19 21
20 11
21 11
22 16
23 15
24 13
25 7
26 13
27 15
28 10
29 7
30 13
31 9
32 10
33 9
34 11
35 8
36 12
37 12
38 10
39 8
40 9
41 8
42 8
43 8
44 6
45 10
46 8
47 12
48 7
49 6
50 8
51 11
52 3
53 8
54 8
55 11
56 5
57 5
58 8
59 10
60 5
61 3
62 12
63 5
64 4
65 4
66 7
67 6
68 7
69 5
70 8
71 5
72 7
73 5
74 7
75 4
76 7
77 5
78 5
79 6
80 7
81 4
82 2
83 5
84 4
85 4
86 2
87 3
88 7
89 3
90 9
91 1
92 10
93 5
94 6
95 5
96 3
97 5
98 4
99 3
100 0
101 5
102 2
103 7
104 13
105 5
106 7
107 4
108 9
109 4
110 3
111 1
112 4
113 4
114 5
115 9
116 10
117 5
118 2
119 2
120 6
121 4
122 1
123 3
124 4
125 4
126 1
127 5
128 4
129 4
130 2
131 2
132 5
133 7
134 5
135 3
136 3
137 5
138 3
139 3
140 3
141 6
142 2
143 4
144 3
145 4
146 3
147 5
148 7
149 7
150 4
151 7
152 6
153 5
154 8
155 8
156 8
157 11
158 7
159 1
160 6
161 4
162 9
163 7
164 6
165 5
166 7
167 9
168 7
169 4
170 6
171 11
172 6
173 3
174 8
175 6
176 9
177 3
178 10
179 6
180 5
181 3
182 10
183 10
184 17
185 10
186 9
187 16
188 16
189 10
190 15
191 15
192 12
193 19
194 16
195 15
196 26
197 18
198 29
199 22
200 32
201 41
202 30
203 31
204 32
205 32
206 22
207 29
208 35
209 33
210 37
211 28
212 25
213 26
214 29
215 27
216 32
217 27
218 27
219 19
220 21
221 10
222 21
223 17
224 9
225 8
226 11
227 14
228 6
229 6
230 4
231 1
232 6
233 8
234 4
235 4
236 4
237 2
238 2
239 4
240 3
241 0
242 1
243 2
244 1
245 1
246 0
247 3
248 1
249 0
250 1
251 1
252 1
253 1
254 0
255 0
256 1
257 1
258 0
259 0
260 2
261 0
262 0
263 0
264 1
265 0
266 0
267 0
268 0
269 0
270 0
271 0
272 0
273 1
274 0
275 0
276 0
277 0
278 0
279 0
280 0
281 0
282 0
283 0
284 0
285 0
286 0
287 0
288 0
289 0
290 0
291 0
292 0
293 0
294 1
295 0
296 0
297 0
298 0
299 0
300 0
301 0
302 0
303 0
304 0
305 1
306 0
307 0
308 0
309 0
310 0
311 0
312 0
313 0
314 0
315 0
316 0
317 0
318 0
319 0
320 0
321 0
322 0
323 0
324 0
325 0
326 1
327 0
328 0
329 0
330 0
331 0
332 0
333 0
334 0
335 0
336 0
337 0
338 0
339 0
340 0
341 0
342 0
343 0
344 0
345 0
346 0
347 0
348 0
349 0
350 0
351 0
352 0
353 0
354 0
355 0
356 0
357 0
358 0
359 0
360 0
361 0
362 0
363 0
364 0
365 0
366 0
367 0
368 0
369 0
370 0
371 0
372 0
373 0
374 0
375 0
376 0
377 0
378 0
379 0
380 0
381 0
382 0
383 0
384 0
385 0
386 0
387 0
388 0
389 0
390 0
391 0
392 0
393 0
394 0
395 0
396 0
397 0
398 0
399 0
400 0
401 0
402 0
403 0
404 0
405 0
406 0
407 0
408 0
409 0
410 0
411 0
412 0
413 0
414 0
415 0
416 0
417 0
418 0
419 0
420 0
421 0
422 0
423 0
424 0
425 0
426 0
427 0
428 0
429 0
430 0
431 0
432 0
433 0
434 0
435 0
436 0
437 0
438 0
439 0
440 0
441 0
442 0
443 0
444 0
445 0
446 0
447 0
448 0
449 0
450 0
451 0
452 0
453 0
454 0
455 0
456 0
457 0
458 0
459 0
460 0
461 0
462 0
463 0
464 0
465 0
466 0
467 0
468 0
469 0
470 0
471 0
472 0
473 0
474 0
475 0
476 0
477 0
478 0
479 0
480 0
481 0
482 0
483 0
484 0
485 0
486 0
487 0
488 0
489 0
490 0
491 0
492 0
493 0
494 0
495 0
496 0
497 0
498 0
499 0
500 0
501 0
502 0
503 0
504 0
505 0
506 0
507 0
508 0
509 0
510 0
511 0
512 0
