1 0
2 1
3 3
4 4
5 10
6 4
7 4
8 6
9 10
10 10
11 11
12 17
13 11
14 12
15 10
16 15
17 11
18 15
19 15
20 12
21 15
22 14
23 14
24 3
25 9
26 9
27 15
28 10
29 10
30 9
31 5
32 7
33 17
34 12
35 10
36 14
37 15
38 9
39 9
40 6
41 11
42 6
43 7
44 16
45 12
46 6
47 4
48 10
49 4
50 7
51 8
52 7
53 6
54 5
55 3
56 4
57 8
58 7
59 8
60 8
61 8
62 14
63 6
64 4
65 3
66 6
67 11
68 6
69 5
70 7
71 8
72 7
73 8
74 6
75 5
76 1
77 11
78 9
79 10
80 2
81 7
82 3
83 4
84 5
85 7
86 6
87 7
88 2
89 4
90 6
91 5
92 4
93 3
94 4
95 2
96 7
97 4
98 1
99 7
100 5
101 3
102 8
103 5
104 5
105 2
106 3
107 5
108 4
109 6
110 3
111 7
112 5
113 7
114 1
115 3
116 4
117 5
118 5
119 1
120 9
121 6
122 4
123 8
124 2
125 2
126 4
127 7
128 6
129 5
130 3
131 4
132 6
133 4
134 1
135 2
136 6
137 3
138 4
139 7
140 2
141 4
142 7
143 3
144 7
145 8
146 7
147 8
148 3
149 5
150 3
151 6
152 7
153 4
154 6
155 4
156 5
157 5
158 7
159 8
160 3
161 6
162 8
163 4
164 3
165 6
166 6
167 11
168 12
169 7
170 7
171 8
172 6
173 8
174 7
175 6
176 5
177 3
178 7
179 10
180 18
181 7
182 13
183 19
184 10
185 14
186 8
187 14
188 11
189 14
190 18
191 22
192 12
193 24
194 18
195 27
196 21
197 24
198 24
199 29
200 23
201 18
202 24
203 25
204 21
205 24
206 30
207 36
208 32
209 27
210 35
211 39
212 35
213 26
214 31
215 31
216 13
217 23
218 28
219 17
220 27
221 15
222 15
223 24
224 9
225 4
226 9
227 13
228 8
229 12
230 6
231 4
232 12
233 9
234 4
235 3
236 2
237 4
238 3
239 1
240 2
241 3
242 0
243 0
244 1
245 1
246 1
247 0
248 0
249 0
250 2
251 2
252 0
253 2
254 1
255 0
256 0
257 0
258 0
259 1
260 0
261 0
262 0
263 1
264 0
265 1
266 0
267 0
268 0
269 0
270 0
271 0
272 1
273 0
274 0
275 0
276 1
277 0
278 1
279 0
280 0
281 0
282 0
283 0
284 0
285 0
286 0
287 0
288 0
289 0
290 1
291 0
292 0
293 0
294 0
295 0
296 0
297 0
298 0
299 0
300 0
301 0
302 1
303 0
304 1
305 0
306 0
307 0
308 0
309 0
310 0
311 0
312 0
313 0
314 0
315 0
316 1
317 0
318 0
319 0
320 0
321 0
322 0
323 0
324 0
325 0
326 0
327 0
328 0
329 1
330 0
331 0
332 0
333 0
334 1
335 0
336 0
337 0
338 0
339 0
340 0
341 0
342 0
343 0
344 0
345 0
346 0
347 0
348 0
349 0
350 0
351 0
352 0
353 0
354 0
355 0
356 0
357 0
358 1
359 0
360 0
361 0
362 0
363 0
364 0
365 0
366 0
367 0
368 0
369 0
370 0
371 0
372 0
373 0
374 0
375 0
376 0
377 0
378 0
379 0
380 0
381 0
382 0
383 0
384 0
385 0
386 0
387 0
388 0
389 0
390 0
391 0
392 0
393 0
394 0
395 0
396 0
397 0
398 0
399 0
400 0
401 0
402 0
403 0
404 0
405 0
406 0
407 0
408 0
409 0
410 0
411 0
412 0
413 0
414 0
415 0
416 0
417 0
418 0
419 0
420 0
421 0
422 0
423 0
424 0
425 0
426 0
427 0
428 0
429 0
430 0
431 0
432 0
433 0
434 0
435 0
436 0
437 0
438 0
439 0
440 0
441 0
442 0
443 0
444 0
445 0
446 0
447 0
448 0
449 0
450 0
451 0
452 0
453 0
454 0
455 0
456 0
457 0
458 0
459 0
460 0
461 0
462 0
463 0
464 0
465 0
466 0
467 0
468 0
469 0
470 0
471 0
472 0
473 0
474 0
475 0
476 0
477 0
478 0
479 0
480 0
481 0
482 0
483 0
484 0
485 0
486 0
487 0
488 0
489 0
490 0
491 0
492 0
493 0
494 0
495 0
496 0
497 0
498 0
499 0
500 0
501 0
502 0
503 0
504 0
505 0
506 0
507 0
508 0
509 0
510 0
511 0
512 0
