1 0
2 0
3 4
4 5
5 2
6 9
7 13
8 9
9 8
10 8
11 10
12 10
13 13
14 15
15 8
16 12
17 19
18 12
19 9
20 12
21 13
22 8
23 15
24 14
25 9
26 12
27 16
28 6
29 9
30 15
31 6
32 8
33 14
34 6
35 8
36 6
37 9
38 9
39 11
40 12
41 14
42 7
43 3
44 9
45 7
46 12
47 13
48 9
49 10
50 12
51 10
52 5
53 9
54 9
55 8
56 8
57 5
58 6
59 10
60 8
61 4
62 8
63 5
64 7
65 6
66 6
67 8
68 5
69 1
70 5
71 8
72 6
73 1
74 6
75 10
76 5
77 5
78 7
79 5
80 3
81 13
82 4
83 7
84 4
85 6
86 3
87 7
88 5
89 6
90 7
91 4
92 3
93 3
94 3
95 4
96 5
97 9
98 10
99 5
100 6
101 9
102 4
103 7
104 3
105 5
106 5
107 5
108 3
109 6
110 7
111 4
112 4
113 3
114 4
115 3
116 5
117 5
118 6
119 1
120 3
121 8
122 4
123 3
124 5
125 5
126 7
127 5
128 5
129 6
130 1
131 2
132 3
133 6
134 7
135 4
136 2
137 5
138 3
139 4
140 3
141 3
142 2
143 4
144 2
145 9
146 7
147 5
148 3
149 0
150 3
151 4
152 4
153 7
154 11
155 1
156 4
157 5
158 4
159 8
160 7
161 8
162 6
163 5
164 11
165 8
166 9
167 10
168 5
169 11
170 5
171 6
172 5
173 4
174 4
175 8
176 7
177 11
178 3
179 7
180 7
181 12
182 11
183 11
184 12
185 14
186 8
187 22
188 13
189 23
190 6
191 19
192 14
193 18
194 20
195 22
196 21
197 20
198 18
199 34
200 26
201 28
202 23
203 23
204 24
205 24
206 35
207 23
208 32
209 26
210 34
211 33
212 30
213 27
214 23
215 23
216 25
217 23
218 13
219 17
220 15
221 25
222 15
223 20
224 20
225 12
226 9
227 7
228 9
229 7
230 5
231 8
232 6
233 1
234 1
235 5
236 4
237 3
238 1
239 0
240 5
241 1
242 3
243 1
244 4
245 0
246 0
247 1
248 0
249 0
250 1
251 2
252 2
253 1
254 0
255 1
256 0
257 0
258 1
259 0
260 1
261 1
262 3
263 0
264 1
265 0
266 1
267 0
268 0
269 0
270 1
271 0
272 0
273 0
274 0
275 0
276 0
277 1
278 0
279 0
280 0
281 0
282 0
283 0
284 0
285 0
286 1
287 0
288 0
289 0
290 0
291 0
292 0
293 0
294 0
295 0
296 0
297 0
298 0
299 0
300 0
301 0
302 0
303 0
304 0
305 0
306 0
307 0
308 0
309 0
310 0
311 0
312 0
313 0
314 0
315 0
316 0
317 0
318 0
319 0
320 0
321 0
322 0
323 0
324 0
325 0
326 0
327 0
328 0
329 0
330 0
331 0
332 0
333 0
334 0
335 0
336 0
337 0
338 0
339 0
340 0
341 0
342 0
343 0
344 0
345 0
346 0
347 0
348 0
349 0
350 0
351 0
352 0
353 0
354 0
355 0
356 0
357 0
358 0
359 0
360 0
361 0
362 0
363 0
364 0
365 0
366 0
367 0
368 0
369 0
370 0
371 0
372 0
373 0
374 0
375 0
376 0
377 0
378 0
379 0
380 0
381 0
382 0
383 0
384 0
385 0
386 0
387 0
388 0
389 0
390 0
391 0
392 0
393 0
394 0
395 0
396 0
397 0
398 0
399 0
400 0
401 0
402 0
403 0
404 0
405 0
406 0
407 0
408 0
409 0
410 0
411 0
412 0
413 0
414 0
415 0
416 0
417 0
418 0
419 0
420 0
421 0
422 0
423 0
424 0
425 0
426 0
427 0
428 0
429 0
430 0
431 0
432 0
433 0
434 0
435 0
436 0
437 0
438 0
439 0
440 0
441 0
442 0
443 0
444 0
445 0
446 0
447 0
448 0
449 0
450 0
451 0
452 0
453 0
454 0
455 0
456 0
457 0
458 1
459 0
460 0
461 0
462 0
463 0
464 0
465 0
466 0
467 0
468 0
469 0
470 0
471 0
472 0
473 0
474 0
475 0
476 0
477 0
478 0
479 0
480 0
481 0
482 0
483 0
484 0
485 0
486 0
487 0
488 0
489 0
490 0
491 0
492 0
493 0
494 0
495 0
496 0
497 0
498 0
499 0
500 0
501 0
502 0
503 0
504 0
505 0
506 0
507 0
508 0
509 0
510 0
511 0
512 0
