0
0
0
0
0
0
1
1
6
23
109
198
234
222
237
256
237
218
234
199
228
270
216
236
240
249
242
242
280
308
299
318
306
339
369
368
376
419
420
448
395
381
402
359
389
352
362
361
337
301
285
290
333
306
279
263
291
322
286
296
262
292
275
292
287
294
355
299
285
312
293
291
261
298
332
358
338
278
322
352
299
311
305
320
376
344
301
325
339
286
336
348
337
349
373
340
340
341
293
313
350
343
359
340
366
382
362
335
386
370
369
382
405
398
396
450
423
438
433
454
459
495
443
468
529
504
484
498
513
533
446
468
470
483
450
441
445
482
403
461
437
436
462
417
446
438
439
437
413
413
395
420
425
423
380
398
419
374
398
355
391
357
343
346
366
348
335
334
299
282
287
279
273
305
273
252
244
262
251
232
217
218
218
230
230
199
191
203
194
209
201
215
211
203
184
191
197
168
180
154
169
174
181
167
170
137
174
186
173
169
178
160
145
157
167
170
150
147
169
144
157
150
165
163
144
142
167
161
162
129
142
158
151
149
136
147
159
156
143
144
137
158
150
168
131
162
144
163
141
153
163
148
149
148
143
118
153
149
163
147
149
167
121
144
152
151
143
143
151
130
144
131
134
126
137
155
145
160
162
158
140
154
145
131
139
128
156
133
129
140
123
139
145
143
146
141
129
151
144
111
138
119
131
107
134
118
110
112
123
127
107
97
105
110
108
80
115
67
92
81
91
76
94
72
61
68
66
66
67
71
74
52
42
54
62
41
46
38
56
40
49
37
41
51
37
43
30
40
36
44
43
46
35
30
25
30
27
34
20
35
28
32
28
29
38
25
37
39
42
42
47
36
46
54
43
49
46
48
56
45
65
51
70
77
77
66
74
69
67
85
93
94
92
98
95
104
90
105
95
116
118
118
150
99
137
139
109
135
125
132
142
122
125
182
149
166
170
172
153
189
192
191
184
227
250
246
276
269
306
280
334
316
350
327
354
366
381
378
416
432
474
466
484
485
506
517
539
526
535
522
518
568
518
554
533
501
517
533
493
443
453
422
437
407
394
349
344
324
275
291
274
256
244
223
189
159
149
148
132
105
96
88
88
78
65
67
41
37
48
30
28
25
18
17
8
10
9
25
11
10
15
5
4
7
8
12
7
2
6
8
5
6
5
2
5
7
4
3
5
6
3
9
1
7
8
4
3
4
4
3
6
2
4
2
1
7
4
3
5
3
6
8
6
10
5
6
5
7
9
5
0
4
4
1
6
5
6
2
6
4
7
3
5
9
4
6
3
6
4
7
7
7
4
2
7
3
3
6
5
4
2
2
1
2
4
4
4
2
6
4
4
4
2
5
6
7
10
3
3
5
3
6
6
1
2
0
7
2
2
3
2
3
5
4
4
5
4
4
0
7
4
5
2
8
4
3
3
4
5
4
5
4
2
3
5
2
6
5
2
3
4
2
7
7
4
5
1
2
3
4
7
6
3
4
3
3
0
1
2
7
4
4
5
2
2
3
5
5
4
3
3
2
9
3
2
2
4
4
2
0
1
3
6
3
4
5
1
3
2
1
2
6
3
1
5
2
2
3
1
2
1
4
3
0
3
2
1
2
4
4
6
3
1
2
2
4
2
1
0
4
3
5
7
3
2
0
2
3
3
4
4
2
2
2
2
6
2
1
3
2
1
4
4
2
2
2
0
6
2
3
1
4
2
2
2
2
1
0
0
2
2
4
5
1
6
1
2
0
3
2
3
1
3
2
2
3
6
1
0
4
0
1
4
5
3
0
2
3
1
2
3
0
2
2
2
1
1
3
2
1
2
2
1
1
1
0
2
1
2
3
5
0
2
3
3
2
2
1
3
1
1
1
2
2
1
0
2
3
1
1
1
2
1
5
2
1
0
2
1
2
0
1
1
5
1
1
3
1
1
3
1
0
1
2
1
1
0
1
3
1
2
2
2
3
2
1
3
0
3
0
0
0
1
1
1
3
2
1
2
2
4
1
0
1
0
3
4
1
1
3
0
1
1
3
1
2
4
2
0
1
2
0
2
0
1
1
0
1
0
0
4
1
2
1
3
3
2
2
4
1
1
5
3
1
2
0
1
0
5
1
4
0
4
3
2
2
1
1
1
2
0
1
2
0
0
0
2
0
2
1
2
3
1
0
2
2
1
2
2
1
4
1
2
0
1
1
0
1
3
2
3
3
4
2
1
3
1
2
2
4
3
0
3
2
3
3
1
2
3
2
2
4
2
3
2
0
7
0
0
2
3
0
2
2
1
0
1
1
0
0
1
0
0
0
0
0
0
2
0
0
1
1
0
0
