2
3
4
1
3
5
2
9
30
133
312
456
454
521
471
499
497
535
501
515
503
529
511
534
521
544
538
571
604
630
640
689
705
788
789
840
900
961
931
864
885
896
765
742
725
693
732
715
732
635
600
663
627
604
619
620
649
640
577
613
601
569
563
657
617
666
673
606
627
660
659
687
708
725
650
668
626
693
680
672
678
691
693
688
692
709
706
676
691
731
755
732
713
744
720
710
715
746
751
732
724
769
724
729
755
798
777
765
775
820
847
822
857
837
859
866
827
876
945
879
919
917
963
937
947
948
928
933
961
992
1004
1040
1023
1007
989
1010
1055
1067
1013
1055
1069
1038
1075
1084
1126
1068
1150
1085
1153
1153
1103
1080
1067
1131
1034
1104
1059
1017
1112
1062
1009
982
1011
969
976
945
967
886
939
1007
879
912
874
855
895
879
853
808
833
811
778
772
759
758
739
761
675
695
691
685
682
647
619
624
605
578
532
565
584
574
491
534
525
549
468
507
502
474
493
468
503
493
454
449
420
410
440
462
403
437
411
393
444
437
385
423
387
421
371
387
394
395
388
417
390
401
366
394
370
372
382
389
370
391
369
360
316
367
373
362
331
344
372
391
345
337
335
354
323
346
337
343
375
345
345
330
349
312
366
312
335
299
312
316
323
340
310
318
369
340
346
330
330
359
349
324
318
316
340
319
312
352
356
331
289
324
332
339
324
318
308
315
290
321
323
301
289
342
294
320
292
297
296
280
302
284
254
258
279
274
296
258
257
239
242
261
249
210
265
239
242
240
254
216
227
262
243
226
241
217
232
206
196
226
252
231
195
240
210
219
211
205
234
228
235
200
197
251
207
211
226
212
229
228
209
218
203
202
217
200
237
192
209
228
222
213
253
250
230
249
243
282
245
236
254
243
244
271
262
225
285
280
284
271
286
267
274
269
276
282
290
295
311
266
296
302
289
292
304
325
328
289
332
316
354
336
315
324
367
404
370
384
397
381
421
432
410
418
456
449
451
481
522
499
540
560
576
584
590
610
608
635
633
636
666
699
673
632
681
733
668
676
731
693
691
665
692
673
639
634
614
572
578
544
572
535
522
527
480
464
409
418
413
415
387
356
346
321
350
321
308
281
276
297
255
231
214
249
239
228
209
241
209
218
220
224
201
214
214
211
223
218
245
210
221
237
211
214
197
232
249
242
207
216
221
195
217
216
197
217
195
216
184
200
214
237
205
199
226
249
197
212
218
243
223
215
214
191
224
228
240
238
222
215
223
228
214
205
266
200
240
220
257
244
250
216
213
206
238
180
233
222
237
229
202
237
238
219
252
222
245
250
210
246
231
224
243
250
233
265
264
235
226
233
209
223
245
235
210
224
232
232
265
224
229
241
226
257
252
271
263
224
226
239
232
236
231
230
250
228
233
251
235
248
232
258
239
201
225
210
262
242
215
237
233
241
206
263
228
236
191
226
232
216
232
246
185
233
216
205
216
201
210
199
194
178
171
200
207
186
185
189
198
193
178
177
179
183
179
184
195
170
192
190
196
175
151
184
173
167
155
180
169
172
144
166
173
161
183
175
175
176
195
151
178
160
160
177
174
198
193
168
177
194
175
188
161
168
171
147
176
168
188
171
164
197
160
187
173
192
190
183
156
169
204
180
198
192
174
176
164
184
190
172
178
207
170
175
178
180
170
192
170
179
189
180
192
141
172
161
181
196
162
201
160
192
181
196
182
216
174
193
199
200
188
192
213
221
222
212
203
210
221
210
212
249
238
269
241
280
281
241
273
266
289
252
314
301
285
311
330
352
345
328
314
324
320
330
356
341
359
357
352
325
354
299
350
344
322
339
340
341
325
307
356
324
328
306
339
301
303
310
285
274
252
250
248
247
238
243
221
218
196
185
184
181
161
164
158
154
155
121
151
135
128
120
125
119
132
101
117
106
100
99
103
100
96
82
92
91
78
101
97
85
97
107
90
96
103
114
101
123
113
136
119
115
131
114
149
135
121
148
148
121
182
158
164
165
165
178
179
175
192
197
215
188
219
201
216
225
212
197
259
263
230
226
239
199
248
208
246
241
222
255
205
253
248
211
221
207
198
217
221
202
210
189
192
191
179
155
165
162
156
178
150
140
133
166
136
122
129
123
102
104
104
93
73
71
86
73
58
77
44
59
71
40
40
45
39
33
34
29
32
30
32
21
14
20
18
11
17
16
13
18
14
9
15
11
6
10
5
11
5
3
2
2
4
3
2
5
2
5
4
1
3
5
5
3
6
4
4
2
7
2
2
2
0
3
2
3
1
4
1
0
0
0
0
2
2
7
0
2
2
1
2
3
1
5
2
2
0
1
3
2
