1 0
2 0
3 4
4 5
5 2
6 3
7 4
8 7
9 4
10 3
11 5
12 6
13 4
14 6
15 7
16 8
17 8
18 4
19 5
20 7
21 6
22 7
23 6
24 4
25 6
26 4
27 7
28 9
29 9
30 7
31 7
32 10
33 10
34 4
35 5
36 8
37 1
38 2
39 3
40 7
41 8
42 3
43 6
44 7
45 6
46 4
47 4
48 4
49 6
50 5
51 3
52 3
53 9
54 3
55 6
56 0
57 2
58 5
59 3
60 4
61 2
62 5
63 4
64 4
65 3
66 2
67 8
68 4
69 3
70 4
71 8
72 3
73 6
74 7
75 5
76 7
77 4
78 5
79 4
80 4
81 5
82 4
83 2
84 5
85 2
86 1
87 7
88 2
89 9
90 2
91 4
92 0
93 4
94 4
95 3
96 5
97 3
98 3
99 2
100 3
101 1
102 1
103 3
104 5
105 1
106 9
107 4
108 2
109 1
110 4
111 2
112 0
113 3
114 5
115 3
116 4
117 3
118 2
119 3
120 4
121 5
122 2
123 1
124 4
125 2
126 6
127 2
128 3
129 3
130 3
131 3
132 6
133 7
134 5
135 3
136 2
137 3
138 0
139 3
140 4
141 2
142 3
143 1
144 2
145 5
146 4
147 3
148 1
149 1
150 3
151 2
152 2
153 2
154 5
155 4
156 9
157 1
158 3
159 3
160 2
161 0
162 1
163 4
164 5
165 6
166 4
167 2
168 6
169 3
170 1
171 1
172 1
173 2
174 2
175 3
176 3
177 1
178 1
179 3
180 4
181 2
182 3
183 1
184 1
185 3
186 0
187 2
188 3
189 2
190 3
191 2
192 1
193 2
194 1
195 4
196 1
197 1
198 4
199 5
200 3
201 5
202 2
203 5
204 3
205 3
206 3
207 3
208 4
209 2
210 1
211 4
212 5
213 2
214 3
215 6
216 6
217 3
218 4
219 6
220 8
221 3
222 2
223 2
224 2
225 0
226 2
227 2
228 3
229 5
230 4
231 7
232 5
233 7
234 1
235 6
236 4
237 5
238 4
239 6
240 9
241 7
242 6
243 9
244 7
245 8
246 5
247 9
248 11
249 11
250 10
251 15
252 16
253 15
254 14
255 16
256 12
257 17
258 22
259 20
260 20
261 22
262 19
263 17
264 18
265 25
266 18
267 19
268 24
269 24
270 27
271 17
272 17
273 25
274 19
275 14
276 19
277 16
278 11
279 17
280 11
281 5
282 16
283 22
284 8
285 10
286 6
287 6
288 7
289 3
290 4
291 2
292 4
293 1
294 2
295 2
296 1
297 4
298 0
299 1
300 0
301 2
302 0
303 1
304 0
305 2
306 1
307 1
308 1
309 1
310 2
311 0
312 0
313 2
314 0
315 0
316 0
317 0
318 0
319 0
320 0
321 0
322 0
323 0
324 0
325 0
326 1
327 0
328 0
329 0
330 0
331 0
332 0
333 0
334 0
335 0
336 0
337 0
338 0
339 0
340 0
341 0
342 0
343 0
344 0
345 0
346 0
347 0
348 0
349 1
350 0
351 0
352 0
353 0
354 0
355 0
356 0
357 0
358 0
359 0
360 0
361 0
362 0
363 0
364 0
365 0
366 0
367 0
368 0
369 0
370 0
371 0
372 0
373 0
374 0
375 0
376 0
377 0
378 0
379 0
380 0
381 0
382 0
383 0
384 0
385 0
386 0
387 0
388 0
389 0
390 0
391 0
392 0
393 0
394 0
395 0
396 0
397 0
398 0
399 0
400 0
401 0
402 0
403 0
404 0
405 0
406 0
407 0
408 0
409 0
410 0
411 0
412 0
413 0
414 0
415 0
416 0
417 0
418 0
419 0
420 0
421 0
422 0
423 0
424 0
425 0
426 0
427 0
428 0
429 0
430 0
431 0
432 0
433 0
434 0
435 0
436 0
437 0
438 0
439 0
440 0
441 0
442 0
443 0
444 0
445 0
446 0
447 0
448 0
449 0
450 0
451 0
452 0
453 0
454 0
455 0
456 0
457 0
458 0
459 0
460 0
461 0
462 0
463 0
464 0
465 0
466 0
467 0
468 0
469 0
470 0
471 0
472 0
473 0
474 0
475 0
476 0
477 0
478 0
479 0
480 0
481 0
482 0
483 0
484 0
485 0
486 0
487 0
488 0
489 0
490 0
491 0
492 0
493 0
494 0
495 0
496 0
497 0
498 0
499 0
500 0
501 0
502 0
503 0
504 0
505 0
506 0
507 0
508 0
509 0
510 0
511 0
512 0
