1 0
2 3
3 2
4 4
5 3
6 7
7 10
8 5
9 7
10 8
11 5
12 6
13 5
14 8
15 3
16 5
17 11
18 14
19 2
20 10
21 12
22 3
23 4
24 11
25 8
26 6
27 6
28 5
29 6
30 2
31 9
32 4
33 3
34 9
35 8
36 8
37 6
38 7
39 5
40 11
41 1
42 5
43 6
44 3
45 7
46 6
47 3
48 4
49 4
50 4
51 6
52 5
53 6
54 4
55 4
56 1
57 7
58 10
59 8
60 6
61 3
62 3
63 6
64 5
65 5
66 4
67 3
68 7
69 2
70 6
71 3
72 3
73 4
74 7
75 5
76 5
77 1
78 10
79 4
80 4
81 6
82 2
83 8
84 3
85 2
86 0
87 2
88 3
89 4
90 4
91 3
92 2
93 6
94 3
95 2
96 1
97 3
98 3
99 2
100 2
101 3
102 4
103 2
104 3
105 3
106 1
107 2
108 5
109 4
110 1
111 4
112 2
113 4
114 3
115 0
116 3
117 2
118 5
119 5
120 2
121 1
122 4
123 3
124 2
125 3
126 1
127 1
128 3
129 2
130 5
131 3
132 0
133 4
134 2
135 1
136 1
137 5
138 1
139 1
140 0
141 1
142 3
143 5
144 4
145 5
146 4
147 2
148 4
149 3
150 3
151 3
152 3
153 2
154 2
155 2
156 0
157 1
158 4
159 1
160 2
161 4
162 2
163 2
164 1
165 3
166 1
167 5
168 0
169 3
170 5
171 1
172 2
173 1
174 7
175 2
176 2
177 3
178 3
179 3
180 4
181 3
182 0
183 2
184 2
185 1
186 0
187 1
188 4
189 5
190 4
191 5
192 5
193 0
194 1
195 3
196 3
197 2
198 3
199 4
200 3
201 5
202 3
203 7
204 6
205 2
206 2
207 5
208 3
209 5
210 5
211 2
212 3
213 4
214 3
215 3
216 0
217 6
218 4
219 1
220 8
221 4
222 5
223 4
224 5
225 3
226 8
227 4
228 1
229 4
230 9
231 3
232 3
233 1
234 5
235 8
236 4
237 9
238 6
239 5
240 5
241 3
242 6
243 12
244 6
245 7
246 1
247 16
248 15
249 9
250 9
251 15
252 13
253 14
254 25
255 11
256 16
257 14
258 23
259 16
260 18
261 17
262 28
263 16
264 25
265 20
266 16
267 25
268 19
269 20
270 22
271 17
272 25
273 18
274 15
275 22
276 19
277 19
278 16
279 14
280 11
281 9
282 10
283 8
284 7
285 9
286 7
287 8
288 5
289 8
290 6
291 4
292 4
293 4
294 2
295 1
296 3
297 5
298 2
299 4
300 0
301 1
302 0
303 1
304 1
305 0
306 1
307 0
308 1
309 0
310 0
311 0
312 1
313 2
314 2
315 0
316 1
317 1
318 0
319 0
320 0
321 1
322 0
323 0
324 0
325 0
326 0
327 0
328 0
329 0
330 0
331 0
332 0
333 0
334 0
335 0
336 0
337 0
338 0
339 0
340 0
341 0
342 0
343 0
344 0
345 0
346 0
347 0
348 0
349 1
350 0
351 0
352 0
353 0
354 0
355 0
356 0
357 1
358 0
359 0
360 0
361 0
362 0
363 0
364 0
365 0
366 0
367 0
368 0
369 0
370 0
371 0
372 0
373 0
374 0
375 0
376 0
377 0
378 0
379 0
380 0
381 0
382 0
383 0
384 0
385 0
386 0
387 0
388 0
389 0
390 0
391 0
392 0
393 0
394 0
395 0
396 0
397 0
398 0
399 0
400 0
401 0
402 0
403 0
404 0
405 0
406 0
407 0
408 0
409 0
410 0
411 0
412 0
413 0
414 0
415 0
416 0
417 0
418 0
419 0
420 0
421 0
422 0
423 0
424 0
425 0
426 0
427 0
428 0
429 0
430 0
431 0
432 0
433 0
434 0
435 0
436 0
437 0
438 0
439 0
440 0
441 0
442 0
443 0
444 0
445 0
446 0
447 0
448 0
449 0
450 0
451 0
452 0
453 0
454 0
455 0
456 0
457 0
458 0
459 0
460 0
461 0
462 0
463 0
464 0
465 0
466 0
467 0
468 0
469 0
470 0
471 0
472 0
473 0
474 0
475 0
476 0
477 0
478 0
479 0
480 0
481 0
482 0
483 0
484 0
485 0
486 0
487 0
488 0
489 0
490 0
491 0
492 0
493 0
494 0
495 0
496 0
497 0
498 0
499 0
500 0
501 0
502 0
503 0
504 0
505 0
506 0
507 0
508 0
509 0
510 0
511 0
512 0
