1 0
2 1
3 2
4 3
5 2
6 1
7 8
8 3
9 6
10 8
11 9
12 6
13 8
14 11
15 5
16 7
17 11
18 3
19 5
20 5
21 4
22 6
23 2
24 5
25 2
26 3
27 9
28 8
29 5
30 3
31 7
32 7
33 8
34 4
35 4
36 7
37 8
38 6
39 11
40 8
41 6
42 4
43 4
44 4
45 6
46 3
47 5
48 3
49 7
50 4
51 8
52 6
53 2
54 5
55 4
56 5
57 3
58 4
59 3
60 4
61 7
62 5
63 4
64 6
65 5
66 4
67 5
68 4
69 2
70 8
71 2
72 3
73 1
74 2
75 1
76 7
77 3
78 6
79 2
80 2
81 8
82 3
83 4
84 5
85 2
86 1
87 3
88 6
89 3
90 2
91 1
92 3
93 7
94 4
95 4
96 7
97 2
98 2
99 3
100 7
101 2
102 4
103 2
104 2
105 4
106 3
107 3
108 3
109 2
110 3
111 2
112 4
113 1
114 3
115 4
116 5
117 4
118 0
119 3
120 2
121 5
122 4
123 5
124 1
125 5
126 5
127 2
128 3
129 7
130 4
131 2
132 1
133 4
134 0
135 2
136 5
137 2
138 3
139 1
140 2
141 3
142 5
143 3
144 5
145 5
146 1
147 5
148 1
149 2
150 6
151 3
152 0
153 1
154 2
155 0
156 2
157 2
158 3
159 6
160 1
161 1
162 1
163 3
164 4
165 5
166 1
167 0
168 2
169 2
170 1
171 1
172 0
173 2
174 1
175 3
176 0
177 1
178 6
179 2
180 1
181 4
182 2
183 1
184 3
185 3
186 3
187 2
188 3
189 2
190 3
191 4
192 4
193 6
194 3
195 1
196 8
197 1
198 4
199 6
200 3
201 4
202 1
203 2
204 3
205 2
206 3
207 5
208 4
209 7
210 5
211 7
212 5
213 3
214 2
215 6
216 3
217 6
218 7
219 2
220 3
221 2
222 3
223 4
224 2
225 3
226 2
227 6
228 1
229 7
230 6
231 5
232 4
233 5
234 5
235 6
236 8
237 4
238 8
239 5
240 5
241 4
242 7
243 10
244 4
245 10
246 11
247 13
248 3
249 10
250 13
251 10
252 11
253 12
254 17
255 10
256 21
257 12
258 17
259 23
260 17
261 19
262 22
263 15
264 23
265 20
266 22
267 19
268 16
269 20
270 26
271 17
272 22
273 16
274 19
275 18
276 20
277 21
278 16
279 16
280 16
281 15
282 7
283 10
284 9
285 10
286 5
287 8
288 5
289 5
290 3
291 4
292 5
293 10
294 4
295 1
296 3
297 1
298 3
299 2
300 2
301 1
302 2
303 0
304 1
305 0
306 0
307 3
308 0
309 0
310 0
311 0
312 0
313 0
314 0
315 0
316 0
317 0
318 0
319 0
320 0
321 1
322 0
323 0
324 0
325 0
326 0
327 0
328 0
329 0
330 0
331 0
332 0
333 0
334 0
335 0
336 0
337 1
338 0
339 0
340 0
341 0
342 1
343 0
344 0
345 0
346 0
347 0
348 0
349 0
350 1
351 0
352 1
353 0
354 0
355 0
356 0
357 0
358 0
359 0
360 0
361 0
362 0
363 0
364 0
365 0
366 0
367 0
368 0
369 1
370 0
371 0
372 0
373 0
374 0
375 0
376 0
377 0
378 0
379 0
380 0
381 0
382 0
383 0
384 0
385 0
386 0
387 0
388 0
389 0
390 0
391 0
392 0
393 0
394 0
395 0
396 0
397 0
398 0
399 0
400 0
401 0
402 0
403 0
404 0
405 0
406 0
407 0
408 0
409 0
410 0
411 0
412 0
413 0
414 0
415 0
416 0
417 0
418 0
419 0
420 0
421 0
422 0
423 0
424 0
425 0
426 0
427 0
428 0
429 0
430 0
431 0
432 0
433 0
434 0
435 0
436 0
437 0
438 0
439 0
440 0
441 0
442 0
443 0
444 0
445 0
446 0
447 0
448 0
449 0
450 0
451 0
452 0
453 0
454 0
455 0
456 0
457 0
458 0
459 0
460 0
461 0
462 0
463 0
464 0
465 0
466 0
467 0
468 0
469 0
470 0
471 0
472 0
473 0
474 0
475 0
476 0
477 0
478 0
479 0
480 0
481 0
482 0
483 0
484 0
485 0
486 0
487 0
488 0
489 0
490 0
491 0
492 0
493 0
494 0
495 0
496 0
497 0
498 0
499 0
500 0
501 0
502 0
503 0
504 0
505 0
506 0
507 0
508 0
509 0
510 0
511 0
512 0
