1 0
2 2
3 4
4 1
5 3
6 8
7 5
8 2
9 5
10 5
11 6
12 7
13 7
14 9
15 14
16 9
17 12
18 8
19 8
20 6
21 7
22 3
23 7
24 4
25 4
26 6
27 9
28 2
29 4
30 6
31 7
32 2
33 8
34 7
35 3
36 7
37 9
38 6
39 7
40 4
41 3
42 5
43 8
44 3
45 8
46 7
47 6
48 5
49 1
50 4
51 4
52 9
53 2
54 3
55 0
56 7
57 2
58 9
59 10
60 6
61 3
62 6
63 3
64 4
65 6
66 5
67 2
68 7
69 5
70 5
71 5
72 2
73 6
74 2
75 1
76 1
77 4
78 7
79 5
80 3
81 1
82 6
83 3
84 5
85 7
86 3
87 4
88 5
89 0
90 5
91 3
92 1
93 0
94 5
95 5
96 2
97 3
98 6
99 3
100 5
101 8
102 5
103 2
104 4
105 8
106 3
107 1
108 1
109 4
110 6
111 4
112 5
113 2
114 4
115 2
116 4
117 3
118 4
119 4
120 3
121 3
122 2
123 1
124 2
125 6
126 2
127 2
128 3
129 2
130 3
131 4
132 2
133 0
134 3
135 4
136 1
137 0
138 4
139 6
140 1
141 4
142 5
143 1
144 3
145 3
146 2
147 5
148 4
149 1
150 2
151 2
152 5
153 3
154 4
155 2
156 1
157 3
158 2
159 1
160 1
161 3
162 5
163 5
164 3
165 3
166 4
167 4
168 0
169 4
170 3
171 4
172 2
173 2
174 3
175 1
176 3
177 3
178 0
179 4
180 3
181 1
182 2
183 4
184 2
185 0
186 2
187 3
188 1
189 2
190 1
191 2
192 2
193 4
194 2
195 4
196 1
197 4
198 5
199 5
200 4
201 5
202 8
203 3
204 6
205 4
206 5
207 4
208 2
209 2
210 4
211 3
212 2
213 6
214 4
215 1
216 4
217 4
218 2
219 2
220 6
221 3
222 6
223 4
224 4
225 10
226 3
227 4
228 4
229 3
230 2
231 2
232 2
233 6
234 4
235 5
236 6
237 7
238 3
239 9
240 3
241 6
242 8
243 6
244 8
245 14
246 11
247 10
248 14
249 8
250 9
251 9
252 14
253 12
254 9
255 19
256 17
257 22
258 15
259 16
260 21
261 19
262 16
263 21
264 16
265 24
266 23
267 32
268 19
269 17
270 20
271 18
272 21
273 26
274 19
275 23
276 23
277 18
278 15
279 18
280 6
281 16
282 20
283 12
284 5
285 9
286 7
287 8
288 2
289 5
290 4
291 7
292 5
293 3
294 4
295 5
296 4
297 0
298 2
299 2
300 1
301 0
302 1
303 0
304 1
305 0
306 1
307 1
308 0
309 0
310 1
311 0
312 0
313 0
314 0
315 0
316 0
317 0
318 0
319 0
320 0
321 0
322 0
323 0
324 0
325 1
326 0
327 0
328 0
329 0
330 0
331 0
332 0
333 1
334 1
335 0
336 0
337 0
338 0
339 0
340 1
341 0
342 0
343 0
344 0
345 0
346 0
347 0
348 0
349 0
350 0
351 0
352 0
353 1
354 0
355 0
356 0
357 0
358 0
359 0
360 0
361 0
362 0
363 0
364 0
365 0
366 0
367 0
368 0
369 0
370 0
371 0
372 1
373 0
374 0
375 0
376 0
377 0
378 0
379 0
380 0
381 0
382 0
383 0
384 0
385 0
386 0
387 0
388 0
389 0
390 0
391 0
392 0
393 0
394 0
395 0
396 0
397 0
398 0
399 0
400 0
401 0
402 0
403 0
404 0
405 0
406 0
407 0
408 0
409 0
410 0
411 0
412 0
413 0
414 0
415 0
416 0
417 0
418 0
419 0
420 0
421 0
422 0
423 0
424 0
425 0
426 0
427 0
428 0
429 0
430 0
431 0
432 0
433 0
434 0
435 0
436 0
437 0
438 0
439 0
440 0
441 0
442 0
443 0
444 0
445 0
446 0
447 0
448 0
449 0
450 0
451 0
452 0
453 0
454 0
455 0
456 0
457 0
458 0
459 0
460 0
461 0
462 0
463 0
464 0
465 0
466 0
467 0
468 0
469 0
470 0
471 0
472 0
473 0
474 0
475 0
476 0
477 0
478 0
479 0
480 0
481 0
482 0
483 0
484 0
485 0
486 0
487 0
488 0
489 0
490 0
491 0
492 0
493 0
494 0
495 0
496 0
497 0
498 0
499 0
500 0
501 0
502 0
503 0
504 0
505 0
506 0
507 0
508 0
509 0
510 0
511 0
512 0
