467
537
668
884
1294
1587
1920
2035
2218
2202
2366
2261
2452
2569
2478
2704
2784
2789
2729
2969
3071
3020
3012
3020
2957
2852
2810
2643
2691
2526
2542
2472
2488
2493
2397
2388
2436
2486
2469
2454
2453
2394
2394
2444
2418
2449
2345
2393
2462
2373
2355
2457
2486
2325
2380
2386
2359
2465
2386
2372
2373
2470
2358
2432
2522
2451
2550
2415
2445
2438
2553
2446
2450
2522
2450
2485
2539
2426
2535
2470
2496
2540
2565
2533
2564
2447
2556
2515
2491
2537
2541
2414
2527
2570
2536
2478
2539
2688
2444
2621
2585
2499
2535
2471
2508
2570
2574
2607
2509
2718
2649
2585
2667
2682
2725
2831
2770
2902
2852
2850
2815
3084
2977
3089
3065
3085
3183
3182
3171
3171
3272
3290
3365
3411
3419
3332
3420
3295
3348
3240
3318
3246
3364
3329
3230
3235
3208
3195
3183
3232
3178
3127
3206
3096
3062
3070
3022
3034
3043
3037
2951
3002
2957
2900
2930
3023
2771
2886
2830
2818
2826
2836
2790
2757
2815
2764
2667
2757
2776
2718
2799
2626
2725
2702
2720
2714
2536
2657
2573
2643
2655
2622
2604
2653
2565
2578
2528
2636
2486
2566
2532
2592
2505
2599
2497
2386
2491
2583
2440
2428
2503
2402
2498
2538
2472
2402
2386
2358
2422
2388
2377
2418
2343
2275
2363
2340
2281
2223
2315
2263
2382
2358
2297
2309
2277
2243
2322
2335
2255
2354
2281
2295
2226
2197
2154
2267
2242
2274
2259
2213
2300
2137
2224
2267
2229
2239
2312
2206
2222
2213
2149
2169
2252
2261
2203
2216
2211
2113
2203
2278
2234
2196
2300
2206
2142
2178
2150
2143
2196
2104
2189
2104
2116
2111
2259
2087
2153
2207
2126
2188
2247
2238
2154
2182
2207
2133
2240
2107
2155
2233
2165
2177
2208
2153
2203
2144
2191
2067
2137
2249
2148
2151
2118
2169
2141
2078
2107
2131
2114
2155
2192
2209
2239
2084
2190
2127
2109
2189
2139
2178
2183
2158
2212
2173
2088
2138
2103
2192
2226
2162
2124
2192
2156
2087
2159
2108
2125
2117
2120
2157
2073
2134
2130
2134
2164
2077
2068
2134
2109
2110
2137
2212
2177
2115
2171
2159
2116
2103
2121
2215
2316
2143
2161
2222
2140
2172
2252
2195
2133
2161
2179
2115
2130
2124
2179
2113
2195
2142
2098
2132
2159
2167
2218
2218
2150
2143
2119
2124
2187
2120
2252
2143
2218
2251
2222
2206
2197
2170
2231
2216
2168
2306
2121
2175
2196
2189
2143
2250
2171
2109
2357
2208
2226
2178
2259
2269
2220
2170
2275
2171
2300
2149
2126
2232
2247
2296
2228
2244
2330
2246
2299
2176
2277
2340
2142
2259
2258
2291
2240
2247
2264
2243
2161
2226
2233
2264
2279
2358
2234
2201
2338
2282
2270
2231
2278
2302
2350
2291
2350
2325
2369
2384
2384
2311
2280
2320
2412
2347
2316
2295
2306
2307
2379
2310
2437
2333
2345
2311
2291
2372
2340
2342
2467
2340
2353
2384
2349
2317
2381
2338
2347
2466
2452
2416
2316
2427
2384
2484
2424
2465
2519
2449
2407
2545
2418
2442
2410
2491
2467
2478
2459
2509
2474
2501
2433
2425
2477
2495
2376
2558
2459
2445
2535
2519
2539
2548
2523
2535
2634
2600
2590
2590
2621
2568
2645
2556
2575
2638
2681
2531
2645
2604
2491
2559
2702
2612
2582
2545
2599
2531
2550
2659
2647
2639
2645
2705
2597
2700
2598
2775
2572
2669
2624
2682
2718
2655
2655
2732
2690
2700
2770
2673
2624
2691
2736
2722
2653
2668
2758
2712
2783
2642
2744
2754
2697
2681
2710
2711
2647
2716
2802
2728
2815
2766
2779
2752
2665
2779
2648
2739
2784
2769
2775
2790
2726
2631
2693
2734
2732
2630
2712
2700
2681
2666
2697
2673
2581
2632
2552
2604
2511
2428
2606
2490
2520
2480
2431
2490
2423
2374
2432
2339
2282
2232
2326
2359
2222
2231
2171
2248
2283
2122
2053
2177
2112
2132
2022
2057
1998
2022
2077
1986
1983
2057
2010
2027
1958
2051
1954
2006
1921
1956
1958
1987
1933
1929
1899
1886
1926
1851
1928
1932
1907
1895
1941
1942
1932
1947
1891
1816
1884
1917
1892
1893
1960
1829
1960
1932
1925
1825
1911
1961
1928
1954
1919
1909
1889
1929
1976
1975
1946
1856
1942
1894
1926
1846
1965
1843
2012
1937
1933
1936
1979
1913
2005
1978
1994
1997
1973
1979
1998
1986
2130
2006
2039
2104
2053
2176
2147
2135
2238
2187
2205
2259
2295
2266
2275
2439
2503
2464
2534
2577
2609
2668
2733
2808
2810
2963
3061
3036
3017
3243
3294
3350
3475
3570
3509
3617
3767
3873
3827
3942
4075
4154
4223
4092
4331
4336
4457
4347
4461
4462
4544
4484
4598
4457
4587
4364
4471
4417
4410
4410
4266
4351
4270
3974
4185
4073
3934
3732
3739
3754
3643
3566
3453
3310
3157
3010
2966
2932
2870
2670
2617
2479
2393
2262
2178
2163
2090
1977
1918
1772
1716
1667
1559
1585
1457
1454
1378
1290
1267
1152
1266
1203
1156
1175
1148
1162
1133
1148
1084
1152
1128
1147
1172
1168
1237
1190
1288
1250
1269
1325
1380
1468
1398
1556
1634
1594
1673
1712
1756
1856
1883
2012
2073
2071
2064
2126
2292
2396
2428
2479
2442
2552
2680
2711
2791
2780
2919
3005
2968
2959
3057
3161
3209
3081
3263
3146
3318
3178
3211
3204
3197
3242
3196
3147
3294
3224
3112
3133
3072
3144
2927
2851
2982
2891
2598
2656
2655
2635
2467
2529
2365
2372
2252
2106
2035
2035
1871
1829
1747
1711
1648
1615
1489
1473
1358
1232
1243
1156
1123
1009
999
937
856
823
772
717
653
631
634
600
602
521
492
475
408
375
372
382
375
332
329
304
318
271
270
275
232
232
230
251
241
236
237
220
190
189
187
194
203
176
201
187
175
193
190
159
179
164
193
202
169
217
153
194
182
182
188
156
142
151
177
173
178
144
165
157
183
173
160
188
177
154
189
169
183
155
179
190
149
167
150
163
160
186
137
159
171
183
173
139

