18
20
36
49
141
333
896
1870
2965
3459
3268
3190
3039
3153
3064
3001
3157
3076
3143
3109
3093
3199
3223
3380
3443
3311
3197
3243
3095
3087
3208
3306
3179
3237
3180
3159
3170
3092
3166
3104
3023
3108
3075
2878
2931
2990
2945
2794
2863
2977
2776
2897
2931
2895
2952
2912
2848
2968
2956
2995
3008
2915
2804
2919
2953
2851
2827
2870
2836
2796
2914
2849
2945
3020
2930
2832
2763
2871
2850
2893
2950
2788
2934
2889
2917
2827
3018
2867
2920
2785
2807
2855
2895
2966
2937
2856
2902
2911
2927
2899
2988
2990
2939
3072
3050
2977
3102
3045
3264
3195
3289
3418
3340
3480
3444
3452
3589
3671
3730
3593
3818
3786
3936
3842
3753
3744
3837
3768
3790
3766
3617
3628
3541
3660
3698
3708
3639
3480
3536
3486
3653
3426
3437
3323
3431
3242
3339
3417
3316
3310
3264
3089
3313
3225
3242
3155
3100
2937
3129
3023
3051
3046
2978
2976
3014
2997
2978
2735
2905
2850
2868
2870
2873
2841
2852
2898
2891
2788
2725
2739
2784
2789
2661
2679
2701
2758
2747
2615
2689
2573
2662
2636
2693
2658
2599
2648
2634
2532
2595
2495
2527
2688
2588
2494
2549
2536
2564
2442
2535
2460
2493
2495
2422
2503
2470
2444
2541
2549
2520
2529
2535
2479
2381
2466
2575
2405
2495
2468
2450
2415
2424
2478
2525
2511
2432
2399
2518
2449
2402
2544
2609
2480
2512
2465
2424
2564
2360
2433
2533
2391
2485
2525
2425
2514
2472
2397
2478
2588
2527
2507
2502
2566
2476
2461
2475
2530
2586
2537
2470
2487
2599
2481
2520
2532
2512
2570
2558
2601
2479
2509
2549
2733
2580
2486
2576
2548
2569
2587
2560
2542
2594
2602
2548
2544
2622
2532
2565
2630
2575
2547
2568
2518
2507
2488
2420
2414
2257
2237
2200
2158
2184
2066
1965
2062
1916
1820
1776
1739
1607
1492
1553
1459
1436
1369
1279
1221
1198
1087
1093
1073
953
951
986
880
875
797
793
749
729
717
685
640
601
609
570
588
569
553
517
472
532
511
501
437
480
522
464
459
454
455
466
473
419
474
458
473
480
438
480
456
485
480
531
505
553
547
586
619
639
640
618
674
754
728
790
776
839
790
809
844
892
956
955
968
981
1079
1076
1104
1099
1162
1189
1214
1297
1370
1398
1446
1585
1699
1741
1706
1858
1946
2006
2130
2281
2430
2576
2723
2820
3058
3194
3517
3726
4030
4337
4732
4953
5340
5658
5982
6471
6723
7008
7645
8053
8301
8786
9123
9509
9889
10419
10488
10931
11188
11502
11643
11671
11724
11986
12142
11968
11865
11811
11832
11556
11241
11148
10775
10311
9843
9625
9216
8780
8212
7852
7448
6964
6469
6183
5659
5082
4812
4365
3948
3660
3140
2994
2671
2321
2081
1815
1646
1428
1261
1124
922
835
687
582
534
465
369
330
271
230
224
182
129
150
123
95
86
78
64
61
56
43
55
45
42
39
39
37
32
37
31
41
34
38
34
34
36
29
30
30
25
33
40
26
32
36
31
43
34
33
32
25
34
29
30
28
32
41
29
21
34
23
27
21
31
27
30
34
31
32
28
31
27
35
20
28
29
31
37
24
37
29
23
38
32
25
32
31
24
30
33
20
24
22
24
27
29
27
24
24
19
29
22
23
25
34
27
21
15
23
16
28
17
20
29
28
23
18
27
37
16
21
25
25
27
26
25
27
26
19
29
15
22
18
21
20
20
26
16
21
19
22
18
26
15
19
20
25
17
18
19
26
22
15
13
19
18
23
22
17
17
10
23
12
30
17
16
21
28
22
18
24
23
18
20
21
18
17
31
22
24
18
19
24
12
18
18
17
14
19
19
20
17
12
24
15
16
16
17
15
18
15
16
20
18
19
21
18
15
21
15
18
13
17
17
15
17
18
17
19
17
22
21
22
13
17
11
16
18
16
18
17
11
9
11
9
11
14
8
16
17
18
8
12
17
15
19
17
14
11
13
10
7
20
13
12
14
16
12
15
11
14
10
10
7
7
14
9
9
11
8
9
9
6
10
15
9
7
5
6
11
14
15
9
4
5
14
7
7
11
11
9
11
5
17
10
14
12
4
6
7
9
6
10
8
11
9
5
9
6
14
11
11
9
11
7
8
5
9
8
10
5
6
3
8
4
6
7
9
5
5
5
4
5
8
5
7
6
11
11
8
8
8
4
9
8
10
9
7
8
9
9
6
16
6
8
6
6
5
3
5
2
6
11
9
12
6
6
8
7
10
10
4
7
6
7
9
11
8
10
10
5
11
7
7
11
6
6
11
7
12
8
15
9
11
12
1
8
6
7
8
7
9
14
7
4
14
7
10
9
9
7
9
13
9
9
12
10
6
5
13
12
6
10
9
7
5
8
3
4
12
8
12
12
6
5
3
2
6
5
5
5
5
7
7
6
3
4
4
4
3
6
6
2
4
3
3
1
1
4
4
1
4
3
1
1
3
4
3
2
0
1
0
2
2
2
2
3
2
0
1
2
3
3
1
1
0
4
2
3
2
1
3
3
2
1
1
2
2
2
1
4
2
1
0
2
2
4
0
2
1
1
0
0
0
1
2
0
1
2
3
2
0
0
1
0
0
0
0
1
2
2
1
1
2
0
1
6
17
