1 0
2 0
3 0
4 0
5 1
6 2
7 0
8 3
9 1
10 1
11 3
12 4
13 7
14 2
15 1
16 4
17 1
18 3
19 1
20 2
21 3
22 3
23 3
24 2
25 2
26 2
27 0
28 0
29 3
30 0
31 0
32 2
33 1
34 3
35 1
36 4
37 0
38 0
39 1
40 0
41 0
42 0
43 0
44 2
45 0
46 2
47 2
48 0
49 1
50 0
51 0
52 0
53 1
54 0
55 0
56 1
57 2
58 0
59 1
60 1
61 0
62 1
63 1
64 1
65 4
66 2
67 0
68 1
69 2
70 0
71 2
72 0
73 0
74 2
75 1
76 3
77 0
78 2
79 0
80 1
81 0
82 0
83 0
84 1
85 2
86 1
87 1
88 0
89 0
90 1
91 1
92 0
93 0
94 0
95 0
96 1
97 1
98 1
99 1
100 1
101 1
102 3
103 1
104 1
105 0
106 1
107 1
108 1
109 2
110 0
111 0
112 0
113 0
114 1
115 0
116 0
117 0
118 1
119 0
120 1
121 0
122 1
123 1
124 0
125 2
126 1
127 1
128 1
129 0
130 0
131 0
132 0
133 0
134 1
135 0
136 0
137 0
138 0
139 0
140 0
141 0
142 0
143 1
144 1
145 0
146 0
147 2
148 0
149 0
150 0
151 1
152 0
153 0
154 2
155 0
156 0
157 2
158 0
159 0
160 2
161 0
162 0
163 0
164 5
165 0
166 1
167 1
168 0
169 0
170 1
171 0
172 2
173 1
174 1
175 0
176 1
177 0
178 0
179 1
180 0
181 0
182 0
183 0
184 0
185 0
186 0
187 1
188 0
189 0
190 0
191 1
192 0
193 1
194 0
195 0
196 0
197 1
198 1
199 2
200 0
201 0
202 0
203 0
204 0
205 2
206 0
207 0
208 0
209 0
210 1
211 1
212 0
213 1
214 0
215 1
216 2
217 1
218 0
219 0
220 1
221 0
222 1
223 0
224 0
225 1
226 0
227 0
228 1
229 1
230 0
231 1
232 0
233 0
234 1
235 1
236 0
237 0
238 1
239 0
240 1
241 1
242 1
243 0
244 0
245 1
246 1
247 2
248 1
249 4
250 2
251 2
252 1
253 2
254 2
255 0
256 0
257 2
258 1
259 3
260 2
261 0
262 1
263 2
264 2
265 0
266 1
267 1
268 0
269 0
270 0
271 4
272 2
273 1
274 0
275 1
276 2
277 2
278 1
279 0
280 4
281 3
282 0
283 4
284 2
285 4
286 2
287 1
288 2
289 6
290 2
291 4
292 6
293 1
294 2
295 1
296 1
297 3
298 1
299 3
300 3
301 1
302 3
303 5
304 2
305 2
306 5
307 2
308 1
309 1
310 2
311 1
312 1
313 1
314 2
315 0
316 2
317 0
318 2
319 1
320 1
321 0
322 1
323 1
324 3
325 1
326 3
327 1
328 1
329 3
330 2
331 1
332 1
333 0
334 1
335 3
336 1
337 1
338 2
339 1
340 1
341 0
342 1
343 0
344 1
345 0
346 1
347 0
348 0
349 0
350 0
351 0
352 0
353 1
354 0
355 0
356 0
357 0
358 0
359 1
360 0
361 0
362 0
363 0
364 0
365 1
366 0
367 0
368 0
369 0
370 0
371 0
372 0
373 0
374 0
375 0
376 0
377 0
378 0
379 0
380 0
381 0
382 0
383 0
384 0
385 0
386 0
387 0
388 0
389 0
390 0
391 1
392 0
393 0
394 0
395 0
396 0
397 0
398 0
399 0
400 0
401 0
402 0
403 0
404 0
405 0
406 1
407 0
408 0
409 0
410 0
411 0
412 0
413 0
414 0
415 0
416 0
417 0
418 0
419 0
420 0
421 0
422 0
423 0
424 0
425 0
426 0
427 0
428 0
429 0
430 0
431 0
432 0
433 0
434 0
435 0
436 0
437 0
438 0
439 0
440 0
441 0
442 0
443 0
444 0
445 0
446 0
447 0
448 0
449 0
450 0
451 0
452 0
453 0
454 0
455 0
456 0
457 0
458 0
459 0
460 0
461 0
462 0
463 0
464 0
465 0
466 0
467 0
468 0
469 0
470 0
471 0
472 0
473 0
474 0
475 0
476 0
477 0
478 0
479 0
480 0
481 0
482 0
483 0
484 0
485 0
486 0
487 0
488 0
489 0
490 0
491 0
492 0
493 0
494 0
495 0
496 0
497 0
498 0
499 0
500 0
501 0
502 0
503 0
504 0
505 0
506 0
507 0
508 0
509 0
510 0
511 0
512 0
