1 0
2 0
3 1
4 1
5 1
6 1
7 1
8 2
9 2
10 4
11 1
12 1
13 4
14 2
15 2
16 4
17 2
18 2
19 0
20 1
21 0
22 1
23 2
24 3
25 1
26 3
27 2
28 0
29 2
30 0
31 4
32 2
33 1
34 1
35 1
36 0
37 0
38 2
39 0
40 2
41 2
42 2
43 1
44 1
45 1
46 5
47 0
48 2
49 2
50 2
51 2
52 2
53 1
54 1
55 1
56 2
57 0
58 0
59 0
60 1
61 2
62 2
63 2
64 1
65 0
66 1
67 0
68 2
69 1
70 0
71 1
72 0
73 0
74 2
75 1
76 1
77 2
78 1
79 0
80 1
81 1
82 0
83 1
84 0
85 2
86 1
87 0
88 3
89 0
90 0
91 0
92 1
93 0
94 1
95 1
96 0
97 1
98 1
99 0
100 0
101 0
102 1
103 0
104 1
105 1
106 3
107 0
108 1
109 0
110 0
111 1
112 1
113 1
114 1
115 0
116 0
117 0
118 0
119 0
120 0
121 0
122 0
123 1
124 0
125 1
126 0
127 0
128 1
129 1
130 1
131 0
132 3
133 0
134 1
135 1
136 0
137 3
138 0
139 0
140 0
141 1
142 1
143 1
144 0
145 1
146 0
147 1
148 0
149 1
150 0
151 1
152 1
153 0
154 1
155 2
156 0
157 2
158 1
159 0
160 0
161 1
162 0
163 0
164 0
165 1
166 0
167 1
168 0
169 0
170 0
171 1
172 1
173 1
174 0
175 0
176 0
177 1
178 1
179 0
180 0
181 0
182 0
183 0
184 2
185 1
186 1
187 3
188 0
189 1
190 1
191 0
192 2
193 2
194 1
195 0
196 0
197 0
198 0
199 1
200 2
201 1
202 0
203 0
204 1
205 0
206 2
207 1
208 0
209 1
210 0
211 0
212 0
213 0
214 2
215 1
216 0
217 2
218 0
219 1
220 0
221 1
222 0
223 1
224 2
225 2
226 0
227 1
228 0
229 1
230 0
231 1
232 4
233 0
234 0
235 3
236 0
237 2
238 2
239 0
240 0
241 2
242 0
243 0
244 1
245 1
246 3
247 0
248 2
249 1
250 1
251 2
252 1
253 0
254 3
255 0
256 1
257 1
258 0
259 4
260 2
261 2
262 1
263 1
264 0
265 3
266 3
267 0
268 3
269 1
270 0
271 2
272 2
273 0
274 1
275 2
276 3
277 4
278 2
279 2
280 0
281 5
282 2
283 0
284 1
285 3
286 1
287 0
288 2
289 1
290 2
291 1
292 3
293 0
294 3
295 3
296 0
297 2
298 4
299 1
300 4
301 1
302 2
303 4
304 2
305 3
306 3
307 1
308 0
309 4
310 1
311 2
312 1
313 3
314 0
315 4
316 5
317 1
318 4
319 3
320 1
321 1
322 2
323 0
324 0
325 0
326 2
327 2
328 2
329 0
330 0
331 0
332 0
333 0
334 0
335 1
336 0
337 1
338 0
339 1
340 0
341 0
342 2
343 2
344 1
345 0
346 0
347 2
348 0
349 1
350 0
351 0
352 0
353 1
354 0
355 0
356 0
357 0
358 0
359 0
360 0
361 0
362 0
363 1
364 0
365 0
366 0
367 0
368 1
369 0
370 0
371 0
372 0
373 0
374 0
375 0
376 0
377 0
378 0
379 0
380 0
381 0
382 0
383 0
384 0
385 0
386 0
387 0
388 0
389 0
390 0
391 0
392 0
393 0
394 0
395 0
396 0
397 0
398 0
399 0
400 0
401 0
402 0
403 0
404 0
405 0
406 0
407 0
408 0
409 0
410 0
411 0
412 0
413 0
414 0
415 0
416 0
417 0
418 0
419 0
420 0
421 0
422 0
423 0
424 0
425 0
426 0
427 0
428 0
429 0
430 0
431 0
432 0
433 0
434 0
435 0
436 0
437 0
438 0
439 0
440 0
441 0
442 0
443 0
444 0
445 0
446 0
447 0
448 0
449 0
450 0
451 0
452 0
453 0
454 0
455 0
456 0
457 0
458 0
459 0
460 0
461 0
462 0
463 0
464 0
465 0
466 0
467 0
468 0
469 0
470 0
471 0
472 0
473 0
474 0
475 0
476 0
477 0
478 0
479 0
480 0
481 0
482 0
483 0
484 0
485 0
486 0
487 0
488 0
489 0
490 0
491 0
492 0
493 0
494 0
495 0
496 0
497 0
498 0
499 0
500 0
501 0
502 0
503 0
504 0
505 0
506 0
507 0
508 0
509 0
510 0
511 0
512 0
