1 0
2 0
3 0
4 2
5 1
6 2
7 2
8 3
9 1
10 2
11 4
12 1
13 1
14 0
15 1
16 1
17 1
18 2
19 0
20 3
21 2
22 1
23 0
24 2
25 1
26 1
27 0
28 1
29 2
30 2
31 2
32 1
33 5
34 1
35 2
36 1
37 1
38 1
39 1
40 2
41 0
42 2
43 4
44 1
45 0
46 4
47 1
48 2
49 1
50 0
51 1
52 0
53 0
54 0
55 0
56 1
57 1
58 1
59 2
60 1
61 1
62 1
63 1
64 1
65 1
66 2
67 1
68 3
69 1
70 0
71 0
72 1
73 0
74 1
75 0
76 1
77 1
78 0
79 0
80 0
81 0
82 0
83 1
84 2
85 1
86 3
87 0
88 2
89 0
90 0
91 1
92 1
93 1
94 3
95 0
96 1
97 0
98 1
99 2
100 0
101 1
102 0
103 1
104 1
105 1
106 0
107 1
108 0
109 1
110 0
111 1
112 1
113 0
114 2
115 1
116 1
117 1
118 1
119 3
120 0
121 1
122 0
123 0
124 0
125 1
126 1
127 1
128 0
129 2
130 0
131 0
132 0
133 0
134 0
135 1
136 0
137 0
138 0
139 2
140 2
141 0
142 0
143 0
144 0
145 1
146 0
147 0
148 0
149 3
150 1
151 0
152 2
153 0
154 0
155 0
156 0
157 0
158 0
159 0
160 0
161 2
162 2
163 0
164 0
165 1
166 0
167 0
168 0
169 0
170 0
171 0
172 0
173 0
174 0
175 1
176 0
177 0
178 0
179 0
180 3
181 0
182 0
183 0
184 0
185 1
186 0
187 1
188 0
189 0
190 1
191 0
192 1
193 1
194 0
195 1
196 1
197 1
198 2
199 1
200 0
201 2
202 0
203 2
204 0
205 1
206 2
207 1
208 1
209 0
210 0
211 0
212 3
213 1
214 1
215 1
216 0
217 1
218 0
219 0
220 0
221 0
222 1
223 0
224 0
225 1
226 1
227 0
228 0
229 0
230 1
231 1
232 0
233 1
234 0
235 2
236 2
237 1
238 1
239 1
240 0
241 0
242 1
243 0
244 1
245 3
246 0
247 1
248 0
249 1
250 2
251 1
252 2
253 3
254 3
255 1
256 6
257 0
258 2
259 0
260 1
261 2
262 3
263 0
264 0
265 2
266 1
267 2
268 0
269 0
270 3
271 0
272 0
273 5
274 4
275 1
276 2
277 2
278 1
279 0
280 1
281 3
282 1
283 2
284 2
285 2
286 1
287 1
288 4
289 3
290 1
291 1
292 4
293 2
294 3
295 3
296 1
297 0
298 2
299 2
300 2
301 1
302 1
303 3
304 5
305 0
306 2
307 0
308 0
309 6
310 3
311 4
312 0
313 2
314 0
315 5
316 3
317 0
318 0
319 1
320 2
321 3
322 0
323 2
324 3
325 2
326 1
327 1
328 0
329 2
330 1
331 0
332 0
333 1
334 0
335 1
336 0
337 1
338 0
339 2
340 0
341 0
342 1
343 0
344 1
345 0
346 2
347 0
348 0
349 1
350 0
351 1
352 1
353 1
354 1
355 0
356 0
357 0
358 0
359 0
360 0
361 0
362 0
363 0
364 1
365 0
366 0
367 0
368 1
369 0
370 0
371 0
372 0
373 1
374 1
375 0
376 0
377 0
378 0
379 0
380 0
381 0
382 1
383 0
384 0
385 0
386 0
387 0
388 1
389 0
390 0
391 0
392 0
393 0
394 0
395 0
396 0
397 0
398 0
399 0
400 0
401 0
402 0
403 0
404 0
405 0
406 0
407 0
408 0
409 0
410 0
411 0
412 0
413 0
414 0
415 0
416 0
417 0
418 0
419 0
420 0
421 0
422 0
423 0
424 0
425 0
426 0
427 0
428 0
429 0
430 0
431 0
432 0
433 0
434 0
435 0
436 0
437 0
438 0
439 0
440 0
441 0
442 0
443 0
444 0
445 0
446 0
447 0
448 0
449 0
450 0
451 0
452 0
453 0
454 0
455 0
456 0
457 0
458 0
459 0
460 0
461 0
462 0
463 0
464 0
465 0
466 0
467 0
468 0
469 0
470 0
471 0
472 0
473 0
474 0
475 0
476 0
477 0
478 0
479 0
480 0
481 0
482 0
483 0
484 0
485 0
486 0
487 0
488 0
489 0
490 0
491 0
492 0
493 0
494 0
495 0
496 0
497 0
498 0
499 0
500 0
501 0
502 0
503 0
504 0
505 0
506 0
507 0
508 0
509 0
510 0
511 0
512 0
