1 0
2 1
3 1
4 0
5 0
6 2
7 1
8 1
9 0
10 3
11 1
12 1
13 0
14 3
15 3
16 2
17 1
18 0
19 3
20 1
21 4
22 6
23 2
24 1
25 1
26 1
27 2
28 2
29 3
30 1
31 1
32 1
33 0
34 3
35 2
36 0
37 0
38 0
39 4
40 1
41 1
42 2
43 2
44 0
45 2
46 0
47 1
48 2
49 0
50 1
51 1
52 2
53 0
54 3
55 1
56 0
57 1
58 3
59 2
60 2
61 0
62 2
63 1
64 0
65 0
66 0
67 0
68 1
69 0
70 3
71 0
72 1
73 2
74 0
75 0
76 0
77 1
78 1
79 5
80 1
81 2
82 3
83 1
84 0
85 0
86 0
87 0
88 3
89 2
90 0
91 2
92 3
93 1
94 3
95 1
96 0
97 1
98 0
99 1
100 0
101 0
102 2
103 0
104 0
105 0
106 0
107 0
108 0
109 0
110 1
111 1
112 1
113 0
114 0
115 0
116 1
117 1
118 1
119 0
120 0
121 0
122 0
123 2
124 2
125 0
126 0
127 0
128 0
129 1
130 1
131 0
132 1
133 0
134 0
135 0
136 0
137 1
138 1
139 1
140 0
141 1
142 0
143 0
144 2
145 0
146 0
147 0
148 2
149 1
150 0
151 0
152 3
153 0
154 1
155 1
156 1
157 0
158 1
159 4
160 0
161 0
162 0
163 0
164 0
165 0
166 1
167 1
168 0
169 0
170 2
171 1
172 2
173 0
174 0
175 0
176 1
177 0
178 0
179 1
180 2
181 1
182 1
183 0
184 1
185 1
186 1
187 1
188 0
189 0
190 0
191 1
192 2
193 0
194 0
195 0
196 0
197 0
198 0
199 1
200 0
201 0
202 0
203 1
204 2
205 0
206 1
207 0
208 1
209 0
210 0
211 1
212 1
213 1
214 1
215 1
216 0
217 1
218 0
219 3
220 2
221 0
222 1
223 0
224 1
225 1
226 0
227 1
228 1
229 1
230 2
231 0
232 2
233 0
234 0
235 2
236 1
237 0
238 1
239 1
240 3
241 0
242 2
243 1
244 0
245 1
246 0
247 1
248 1
249 1
250 1
251 1
252 1
253 1
254 1
255 2
256 0
257 2
258 1
259 0
260 4
261 2
262 0
263 2
264 0
265 2
266 1
267 2
268 1
269 0
270 1
271 3
272 1
273 2
274 1
275 2
276 2
277 1
278 3
279 2
280 1
281 0
282 1
283 2
284 0
285 1
286 0
287 3
288 1
289 0
290 2
291 0
292 4
293 2
294 2
295 4
296 1
297 0
298 3
299 1
300 2
301 0
302 0
303 3
304 1
305 4
306 1
307 3
308 0
309 1
310 0
311 1
312 0
313 1
314 3
315 4
316 2
317 0
318 1
319 2
320 1
321 3
322 1
323 0
324 3
325 1
326 1
327 2
328 0
329 1
330 2
331 1
332 1
333 2
334 2
335 3
336 2
337 0
338 0
339 1
340 0
341 1
342 0
343 0
344 2
345 1
346 0
347 1
348 2
349 0
350 1
351 0
352 0
353 1
354 0
355 1
356 0
357 0
358 0
359 0
360 0
361 0
362 0
363 0
364 0
365 0
366 1
367 0
368 0
369 0
370 0
371 0
372 0
373 0
374 0
375 0
376 0
377 0
378 0
379 0
380 0
381 0
382 0
383 0
384 0
385 0
386 0
387 0
388 0
389 0
390 0
391 0
392 0
393 1
394 0
395 0
396 0
397 0
398 0
399 0
400 0
401 0
402 0
403 0
404 0
405 0
406 0
407 0
408 0
409 0
410 0
411 0
412 0
413 0
414 0
415 0
416 0
417 0
418 0
419 0
420 0
421 0
422 0
423 0
424 0
425 0
426 0
427 0
428 0
429 0
430 0
431 0
432 0
433 0
434 0
435 0
436 0
437 0
438 0
439 0
440 0
441 0
442 0
443 0
444 0
445 0
446 0
447 0
448 0
449 0
450 0
451 0
452 0
453 0
454 0
455 0
456 0
457 0
458 0
459 0
460 0
461 0
462 0
463 0
464 0
465 0
466 0
467 0
468 0
469 0
470 0
471 0
472 0
473 0
474 0
475 0
476 0
477 0
478 0
479 0
480 0
481 0
482 0
483 0
484 0
485 0
486 0
487 0
488 0
489 0
490 0
491 0
492 0
493 0
494 0
495 0
496 0
497 0
498 0
499 0
500 0
501 0
502 0
503 0
504 0
505 0
506 0
507 0
508 0
509 0
510 0
511 0
512 0
