1 0
2 6
3 10
4 5
5 4
6 11
7 16
8 11
9 6
10 11
11 5
12 15
13 10
14 5
15 14
16 8
17 4
18 4
19 6
20 11
21 5
22 4
23 4
24 6
25 3
26 2
27 1
28 8
29 6
30 1
31 8
32 4
33 5
34 5
35 4
36 5
37 5
38 2
39 7
40 1
41 1
42 6
43 4
44 3
45 8
46 5
47 2
48 8
49 4
50 9
51 8
52 6
53 1
54 3
55 10
56 4
57 2
58 8
59 8
60 5
61 2
62 6
63 2
64 5
65 7
66 7
67 1
68 2
69 5
70 7
71 5
72 4
73 7
74 12
75 1
76 9
77 6
78 7
79 8
80 5
81 4
82 4
83 4
84 4
85 3
86 4
87 4
88 2
89 0
90 6
91 2
92 5
93 6
94 3
95 3
96 3
97 0
98 2
99 4
100 8
101 1
102 2
103 2
104 5
105 0
106 1
107 5
108 3
109 0
110 4
111 2
112 3
113 3
114 2
115 0
116 1
117 0
118 1
119 0
120 0
121 2
122 3
123 1
124 2
125 1
126 0
127 0
128 0
129 0
130 0
131 0
132 2
133 0
134 0
135 0
136 0
137 0
138 0
139 0
140 0
141 0
142 0
143 1
144 0
145 1
146 1
147 0
148 2
149 0
150 0
151 0
152 0
153 0
154 1
155 0
156 0
157 0
158 0
159 1
160 0
161 0
162 0
163 0
164 0
165 0
166 0
167 0
168 0
169 0
170 0
171 0
172 0
173 0
174 0
175 0
176 0
177 0
178 0
179 0
180 0
181 0
182 1
183 0
184 1
185 1
186 0
187 0
188 0
189 0
190 0
191 0
192 0
193 0
194 0
195 0
196 0
197 0
198 0
199 0
200 0
201 0
202 0
203 0
204 0
205 0
206 0
207 0
208 0
209 0
210 0
211 0
212 0
213 0
214 0
215 0
216 0
217 0
218 0
219 0
220 0
221 0
222 0
223 0
224 0
225 0
226 0
227 0
228 0
229 0
230 0
231 0
232 0
233 0
234 1
235 0
236 0
237 0
238 0
239 0
240 0
241 0
242 0
243 0
244 0
245 0
246 0
247 0
248 0
249 0
250 0
251 0
252 0
253 0
254 0
255 0
256 0
257 0
258 0
259 0
260 0
261 0
262 0
263 0
264 0
265 0
266 0
267 0
268 0
269 1
270 0
271 0
272 0
273 0
274 0
275 0
276 0
277 0
278 0
279 0
280 0
281 0
282 0
283 0
284 0
285 0
286 0
287 0
288 0
289 0
290 0
291 1
292 0
293 0
294 0
295 0
296 0
297 0
298 0
299 0
300 0
301 0
302 0
303 0
304 0
305 0
306 0
307 0
308 0
309 0
310 0
311 0
312 0
313 0
314 0
315 0
316 0
317 0
318 0
319 0
320 0
321 0
322 0
323 0
324 0
325 0
326 0
327 0
328 0
329 0
330 0
331 0
332 0
333 0
334 0
335 0
336 0
337 0
338 0
339 0
340 0
341 0
342 0
343 0
344 0
345 0
346 0
347 0
348 0
349 0
350 0
351 0
352 0
353 0
354 0
355 0
356 0
357 0
358 0
359 0
360 0
361 0
362 0
363 0
364 0
365 0
366 0
367 0
368 0
369 0
370 0
371 0
372 0
373 0
374 0
375 0
376 0
377 0
378 0
379 0
380 0
381 0
382 0
383 0
384 0
385 0
386 0
387 0
388 0
389 0
390 0
391 0
392 0
393 0
394 0
395 0
396 0
397 0
398 0
399 0
400 0
401 0
402 0
403 0
404 0
405 0
406 0
407 0
408 0
409 0
410 0
411 0
412 0
413 0
414 0
415 0
416 0
417 0
418 0
419 0
420 0
421 0
422 0
423 0
424 0
425 0
426 0
427 0
428 0
429 0
430 0
431 0
432 0
433 0
434 0
435 0
436 0
437 0
438 0
439 0
440 0
441 0
442 0
443 0
444 0
445 0
446 0
447 0
448 0
449 0
450 0
451 0
452 0
453 0
454 0
455 0
456 0
457 0
458 0
459 0
460 0
461 0
462 0
463 0
464 0
465 0
466 0
467 0
468 0
469 0
470 0
471 0
472 0
473 0
474 0
475 0
476 0
477 0
478 0
479 0
480 0
481 0
482 0
483 0
484 0
485 0
486 0
487 0
488 0
489 0
490 0
491 0
492 0
493 0
494 0
495 0
496 0
497 0
498 0
499 0
500 0
501 0
502 0
503 0
504 0
505 0
506 0
507 0
508 0
509 0
510 0
511 0
512 0
