
3 3021
4 3011
5 3238
6 3112
7 3086
8 3023
9 2993
10 2911
11 2781
12 2865
13 2849
14 2717
15 2718
16 2738
17 2622
18 2706
19 2713
20 2636
21 2749
22 2590
23 2717
24 2719
25 2651
26 2804
27 2771
28 2780
29 2800
30 2838
31 2792
32 2727
33 2797
34 2849
35 2904
36 2771
37 2746
38 2846
39 2786
40 2754
41 2661
42 2725
43 2802
44 2784
45 2853
46 3075
47 3189
48 3274
49 3397
50 3657
51 3661
52 3578
53 3744
54 3685
55 3547
56 3590
57 3378
58 3295
59 3155
60 3041
61 2990
62 2770
63 2757
64 2692
65 2701
66 2587
67 2516
68 2471
69 2403
70 2452
71 2346
72 2362
73 2365
74 2188
75 2277
76 2238
77 2155
78 2109
79 2125
80 1991
81 1991
82 1995
83 1981
84 1892
85 1966
86 1904
87 1971
88 1923
89 1894
90 1878
91 1841
92 1803
93 1832
94 1768
95 1774
96 1842
97 1759
98 1788
99 1840
100 1819
101 1785
102 1752
103 1739
104 1797
105 1794
106 1739
107 1742
108 1675
109 1696
110 1695
111 1692
112 1689
113 1736
114 1713
115 1730
116 1710
117 1653
118 1609
119 1636
120 1701
121 1664
122 1738
123 1746
124 1779
125 1677
126 1629
127 1643
128 1706
129 1655
130 1584
131 1676
132 1650
133 1699
134 1602
135 1643
136 1742
137 1642
138 1654
139 1657
140 1694
141 1636
142 1732
143 1647
144 1710
145 1689
146 1523
147 1675
148 1657
149 1740
150 1663
151 1674
152 1640
153 1664
154 1716
155 1694
156 1709
157 1773
158 1684
159 1675
160 1621
161 1690
162 1654
163 1730
164 1652
165 1657
166 1619
167 1700
168 1699
169 1656
170 1702
171 1721
172 1771
173 1778
174 1702
175 1727
176 1774
177 1773
178 1719
179 1735
180 1800
181 1724
182 1753
183 1850
184 1796
185 1771
186 1721
187 1799
188 1859
189 1818
190 1831
191 1858
192 1811
193 1826
194 1783
195 1934
196 1870
197 1876
198 1815
199 1885
200 1929
201 1907
202 1916
203 1992
204 2009
205 2087
206 2014
207 2018
208 2073
209 2053
210 1999
211 2113
212 2048
213 2089
214 2096
215 2054
216 2035
217 2045
218 2041
219 2062
220 1938
221 1868
222 1825
223 1811
224 1774
225 1700
226 1675
227 1627
228 1516
229 1516
230 1406
231 1422
232 1418
233 1330
234 1353
235 1317
236 1294
237 1323
238 1251
239 1289
240 1254
241 1292
242 1243
243 1282
244 1272
245 1286
246 1197
247 1276
248 1282
249 1261
250 1229
251 1302
252 1291
253 1272
254 1295
255 1305
256 1357
257 1390
258 1440
259 1552
260 1578
261 1731
262 1738
263 1910
264 2020
265 2084
266 2227
267 2330
268 2258
269 2392
270 2371
271 2423
272 2268
273 2277
274 2175
275 1987
276 1868
277 1757
278 1599
279 1386
280 1243
281 990
282 892
283 852
284 705
285 606
286 482
287 455
288 444
289 414
290 422
291 410
292 431
293 497
294 553
295 649
296 718
297 808
298 944
299 1036
300 1258
301 1190
302 1315
303 1409
304 1452
305 1536
306 1629
307 1552
308 1598
309 1587
310 1546
311 1510
312 1452
313 1314
314 1169
315 1034
316 1026
317 855
318 742
319 626
320 566
321 441
322 396
323 368
324 279
325 251
326 161
327 147
328 101
329 88
330 84
331 57
332 55
333 48
334 48
335 61
336 49
337 38
338 46
339 40
340 41
341 40
342 42
343 44
344 41
345 37
346 34
347 31
348 32
349 32
350 32
351 35
352 36
353 35
354 24
355 36
356 30
357 40
358 26
359 39
360 23
361 30
362 34
363 38
364 36
365 35
366 34
367 32
368 31
369 29
370 25
371 32
372 19
373 26
374 28
375 29
376 29
377 25
378 22
379 29
380 24
381 24
382 31
383 22
384 28
385 25
386 35
387 30
388 20
389 21
390 21
391 25
392 21
393 22
394 22
395 23
396 23
397 18
398 13
399 22
400 29
401 25
402 24
403 25
404 21
405 25
406 25
407 23
408 19
409 16
410 18
411 22
412 21
413 17
414 23
415 14
416 18
417 16
418 24
419 20
420 14
421 21
422 13
423 22
424 22
425 36
426 24
427 25
428 23
429 23
430 16
431 24
432 21
433 14
434 11
435 22
436 23
437 19
438 15
439 13
440 20
441 19
442 20
443 20
444 16
445 22
446 21
447 19
448 24
449 22
450 18
451 17
452 15
453 11
454 15
455 17
456 22
457 13
458 22
459 20
460 11
461 17
462 15
463 12
464 17
465 17
466 8
467 16
468 12
469 15
470 20
471 11
472 17
473 13
474 15
475 16
476 14
477 19
478 9
479 8
480 18
481 9
482 10
483 10
484 10
485 10
486 7
487 15
488 11
489 16
490 16
491 10
492 11
493 10
494 7
495 12
496 12
497 10
498 14
499 8
500 13
501 12
502 12
503 11
504 17
505 11
506 9
507 18
508 13
509 17
510 17
511 18
512 17
