
3 6747
4 7297
5 6908
6 6733
7 6677
8 6239
9 6220
10 5923
11 5811
12 5689
13 5495
14 5193
15 5274
16 5173
17 5098
18 5108
19 4951
20 4872
21 4890
22 4753
23 4783
24 4766
25 4747
26 4701
27 4870
28 4561
29 4807
30 4633
31 4742
32 4637
33 4704
34 4628
35 4687
36 4556
37 4665
38 4758
39 4691
40 4725
41 5028
42 5244
43 5232
44 5455
45 5434
46 5471
47 5524
48 5229
49 5021
50 5152
51 4745
52 4554
53 4515
54 4468
55 4327
56 4225
57 3899
58 3925
59 3817
60 3767
61 3617
62 3588
63 3448
64 3404
65 3325
66 3274
67 3248
68 3128
69 3167
70 3000
71 2962
72 2888
73 2864
74 2788
75 2722
76 2769
77 2696
78 2709
79 2793
80 2701
81 2610
82 2597
83 2536
84 2466
85 2388
86 2423
87 2493
88 2300
89 2392
90 2404
91 2223
92 2410
93 2407
94 2379
95 2336
96 2471
97 2373
98 2353
99 2527
100 2540
101 2501
102 2570
103 2562
104 2468
105 2510
106 2534
107 2438
108 2438
109 2294
110 2260
111 2111
112 1991
113 2006
114 1811
115 1686
116 1642
117 1546
118 1497
119 1523
120 1543
121 1526
122 1590
123 1583
124 1650
125 1700
126 1799
127 1870
128 1918
129 1926
130 1955
131 1920
132 1933
133 1965
134 2058
135 1874
136 1754
137 1620
138 1623
139 1610
140 1567
141 1700
142 1897
143 2069
144 2386
145 2791
146 3197
147 3653
148 4174
149 4654
150 5219
151 5513
152 5842
153 5913
154 5903
155 5489
156 5236
157 4649
158 4190
159 3701
160 3018
161 2496
162 1949
163 1559
164 1187
165 869
166 644
167 459
168 373
169 239
170 198
171 151
172 121
173 92
174 115
175 77
176 86
177 94
178 70
179 76
180 83
181 66
182 53
183 62
184 73
185 76
186 64
187 52
188 56
189 56
190 55
191 48
192 59
193 50
194 45
195 38
196 56
197 59
198 44
199 56
200 28
201 59
202 45
203 44
204 39
205 31
206 28
207 31
208 32
209 31
210 27
211 27
212 29
213 31
214 23
215 29
216 23
217 13
218 16
219 22
220 14
221 11
222 18
223 17
224 14
225 13
226 16
227 12
228 9
229 9
230 8
231 6
232 9
233 7
234 7
235 13
236 8
237 5
238 6
239 2
240 3
241 6
242 2
243 3
244 4
245 4
246 1
247 0
248 4
249 2
250 1
251 2
252 1
253 0
254 0
255 1
256 1
257 0
258 0
259 0
260 0
261 0
262 0
263 0
264 0
265 0
266 0
267 0
268 0
269 0
270 0
271 0
272 0
273 0
274 0
275 0
276 0
277 0
278 0
279 0
280 0
281 0
282 0
283 0
284 0
285 0
286 0
287 0
288 0
289 0
290 0
291 0
292 0
293 0
294 0
295 0
296 0
297 0
298 0
299 0
300 0
301 0
302 0
303 0
304 0
305 0
306 0
307 0
308 0
309 0
310 0
311 0
312 0
313 0
314 0
315 0
316 0
317 0
318 0
319 0
320 0
321 0
322 0
323 0
324 0
325 0
326 0
327 0
328 0
329 0
330 0
331 0
332 0
333 0
334 0
335 0
336 0
337 0
338 0
339 0
340 0
341 0
342 0
343 0
344 0
345 0
346 0
347 0
348 0
349 0
350 0
351 0
352 0
353 0
354 0
355 0
356 0
357 0
358 0
359 0
360 0
361 0
362 0
363 0
364 0
365 0
366 0
367 0
368 0
369 0
370 0
371 0
372 0
373 0
374 0
375 0
376 0
377 0
378 0
379 0
380 0
381 0
382 0
383 0
384 0
385 0
386 0
387 0
388 0
389 0
390 0
391 0
392 0
393 0
394 0
395 0
396 0
397 0
398 0
399 0
400 0
401 0
402 0
403 0
404 0
405 0
406 0
407 0
408 0
409 0
410 0
411 0
412 0
413 0
414 0
415 0
416 0
417 0
418 0
419 0
420 0
421 0
422 0
423 0
424 0
425 0
426 0
427 0
428 0
429 0
430 0
431 0
432 0
433 0
434 0
435 0
436 0
437 0
438 0
439 0
440 0
441 0
442 0
443 0
444 0
445 0
446 0
447 0
448 0
449 0
450 0
451 0
452 0
453 0
454 0
455 0
456 0
457 0
458 0
459 0
460 0
461 0
462 0
463 0
464 0
465 0
466 0
467 0
468 0
469 0
470 0
471 0
472 0
473 0
474 0
475 0
476 0
477 0
478 0
479 0
480 0
481 0
482 0
483 0
484 0
485 0
486 0
487 0
488 0
489 0
490 0
491 0
492 0
493 0
494 0
495 0
496 0
497 0
498 0
499 0
500 0
501 0
502 0
503 0
504 0
505 0
506 0
507 0
508 0
509 0
510 0
511 0
512 0
