1 0
2 6
3 21
4 17
5 15
6 27
7 37
8 32
9 27
10 21
11 29
12 29
13 23
14 18
15 26
16 30
17 26
18 21
19 22
20 12
21 20
22 19
23 10
24 16
25 23
26 16
27 12
28 16
29 18
30 15
31 20
32 14
33 16
34 17
35 15
36 13
37 13
38 15
39 15
40 16
41 12
42 12
43 11
44 15
45 17
46 9
47 12
48 10
49 7
50 9
51 12
52 12
53 15
54 11
55 8
56 10
57 7
58 10
59 15
60 9
61 15
62 8
63 5
64 8
65 12
66 11
67 5
68 5
69 8
70 10
71 10
72 9
73 12
74 14
75 8
76 9
77 16
78 10
79 14
80 10
81 7
82 12
83 8
84 10
85 12
86 19
87 13
88 14
89 19
90 17
91 22
92 19
93 16
94 21
95 18
96 17
97 23
98 22
99 21
100 16
101 19
102 26
103 23
104 22
105 19
106 28
107 27
108 28
109 28
110 40
111 23
112 31
113 18
114 28
115 20
116 24
117 16
118 24
119 15
120 18
121 20
122 16
123 8
124 15
125 15
126 10
127 8
128 7
129 7
130 6
131 8
132 5
133 4
134 1
135 3
136 1
137 4
138 0
139 3
140 1
141 1
142 4
143 3
144 2
145 1
146 0
147 2
148 2
149 1
150 1
151 0
152 2
153 1
154 0
155 2
156 0
157 2
158 0
159 0
160 1
161 1
162 2
163 0
164 1
165 0
166 0
167 0
168 2
169 0
170 1
171 0
172 0
173 1
174 1
175 1
176 0
177 0
178 0
179 0
180 0
181 0
182 0
183 0
184 0
185 0
186 0
187 1
188 0
189 0
190 0
191 0
192 0
193 0
194 0
195 0
196 0
197 0
198 0
199 0
200 0
201 0
202 0
203 0
204 0
205 0
206 0
207 0
208 0
209 0
210 0
211 0
212 0
213 0
214 0
215 0
216 0
217 0
218 0
219 0
220 0
221 0
222 0
223 0
224 0
225 0
226 0
227 0
228 0
229 0
230 0
231 0
232 0
233 0
234 0
235 0
236 0
237 0
238 0
239 0
240 0
241 0
242 0
243 0
244 0
245 0
246 0
247 0
248 0
249 0
250 0
251 1
252 0
253 0
254 0
255 0
256 0
257 0
258 0
259 0
260 0
261 0
262 0
263 0
264 0
265 0
266 0
267 0
268 0
269 0
270 0
271 0
272 0
273 0
274 0
275 0
276 0
277 0
278 0
279 0
280 0
281 0
282 0
283 0
284 0
285 0
286 0
287 0
288 0
289 0
290 0
291 0
292 0
293 0
294 0
295 0
296 0
297 0
298 0
299 0
300 0
301 0
302 0
303 0
304 0
305 0
306 0
307 0
308 0
309 0
310 0
311 0
312 0
313 0
314 0
315 0
316 0
317 0
318 0
319 0
320 0
321 0
322 0
323 0
324 0
325 0
326 0
327 0
328 0
329 0
330 0
331 0
332 0
333 0
334 0
335 0
336 0
337 0
338 0
339 0
340 0
341 0
342 0
343 0
344 0
345 0
346 0
347 0
348 0
349 0
350 0
351 0
352 0
353 0
354 0
355 0
356 0
357 0
358 0
359 0
360 0
361 0
362 0
363 0
364 0
365 0
366 0
367 0
368 0
369 0
370 0
371 0
372 0
373 0
374 0
375 0
376 0
377 0
378 0
379 0
380 0
381 0
382 0
383 0
384 0
385 0
386 0
387 0
388 0
389 0
390 0
391 0
392 0
393 0
394 0
395 0
396 0
397 0
398 0
399 0
400 0
401 0
402 0
403 0
404 0
405 0
406 0
407 0
408 0
409 0
410 0
411 0
412 0
413 0
414 0
415 0
416 0
417 0
418 0
419 0
420 0
421 0
422 0
423 0
424 0
425 0
426 0
427 0
428 0
429 0
430 0
431 0
432 0
433 0
434 0
435 0
436 0
437 0
438 0
439 0
440 0
441 0
442 0
443 0
444 0
445 0
446 0
447 0
448 0
449 0
450 0
451 0
452 0
453 0
454 0
455 0
456 0
457 0
458 0
459 0
460 0
461 0
462 0
463 0
464 0
465 0
466 0
467 0
468 0
469 0
470 0
471 0
472 0
473 0
474 0
475 0
476 0
477 0
478 0
479 0
480 0
481 0
482 0
483 0
484 0
485 0
486 0
487 0
488 0
489 0
490 0
491 0
492 0
493 0
494 0
495 0
496 0
497 0
498 0
499 0
500 0
501 0
502 0
503 0
504 0
505 0
506 0
507 0
508 0
509 0
510 0
511 0
512 0
