1 0
2 7
3 23
4 18
5 31
6 22
7 23
8 27
9 26
10 35
11 29
12 33
13 28
14 18
15 18
16 26
17 21
18 25
19 14
20 19
21 18
22 21
23 15
24 17
25 24
26 19
27 23
28 16
29 10
30 19
31 15
32 12
33 13
34 14
35 18
36 11
37 13
38 15
39 12
40 16
41 6
42 19
43 11
44 10
45 15
46 6
47 11
48 8
49 10
50 16
51 18
52 6
53 8
54 6
55 8
56 9
57 10
58 10
59 11
60 9
61 7
62 8
63 13
64 5
65 8
66 5
67 6
68 10
69 7
70 10
71 12
72 10
73 13
74 11
75 8
76 10
77 6
78 6
79 12
80 16
81 14
82 17
83 12
84 12
85 9
86 23
87 12
88 18
89 16
90 13
91 17
92 20
93 18
94 19
95 19
96 22
97 20
98 26
99 25
100 22
101 26
102 25
103 31
104 27
105 25
106 44
107 37
108 20
109 29
110 18
111 27
112 28
113 26
114 29
115 27
116 23
117 25
118 21
119 24
120 28
121 17
122 24
123 12
124 11
125 16
126 12
127 11
128 10
129 11
130 9
131 12
132 8
133 5
134 5
135 2
136 2
137 1
138 0
139 3
140 5
141 2
142 0
143 1
144 0
145 2
146 1
147 1
148 0
149 1
150 3
151 2
152 0
153 1
154 1
155 2
156 0
157 2
158 0
159 1
160 0
161 1
162 0
163 0
164 0
165 0
166 0
167 0
168 0
169 0
170 0
171 0
172 0
173 0
174 0
175 2
176 0
177 0
178 0
179 0
180 0
181 0
182 0
183 1
184 0
185 0
186 0
187 0
188 0
189 0
190 0
191 1
192 0
193 0
194 0
195 0
196 0
197 0
198 0
199 1
200 0
201 0
202 0
203 0
204 0
205 0
206 0
207 0
208 0
209 0
210 0
211 0
212 0
213 0
214 0
215 0
216 0
217 0
218 0
219 0
220 0
221 0
222 0
223 0
224 0
225 0
226 0
227 0
228 0
229 0
230 0
231 0
232 1
233 0
234 0
235 0
236 0
237 0
238 0
239 0
240 0
241 0
242 0
243 0
244 0
245 0
246 0
247 0
248 0
249 0
250 0
251 0
252 0
253 0
254 0
255 0
256 0
257 0
258 0
259 0
260 0
261 0
262 0
263 0
264 0
265 0
266 0
267 0
268 0
269 0
270 0
271 0
272 0
273 0
274 0
275 0
276 0
277 0
278 0
279 0
280 0
281 0
282 0
283 0
284 0
285 0
286 0
287 0
288 0
289 0
290 0
291 0
292 0
293 0
294 0
295 0
296 0
297 0
298 0
299 0
300 0
301 0
302 0
303 0
304 0
305 0
306 0
307 0
308 0
309 0
310 0
311 0
312 0
313 0
314 0
315 0
316 0
317 0
318 0
319 0
320 0
321 0
322 0
323 0
324 0
325 0
326 0
327 0
328 0
329 0
330 0
331 0
332 0
333 0
334 0
335 0
336 0
337 0
338 0
339 0
340 0
341 0
342 0
343 0
344 0
345 0
346 0
347 0
348 0
349 0
350 0
351 0
352 0
353 0
354 0
355 0
356 0
357 0
358 0
359 0
360 0
361 0
362 0
363 0
364 0
365 0
366 0
367 0
368 0
369 0
370 0
371 0
372 0
373 0
374 0
375 0
376 0
377 0
378 0
379 0
380 0
381 0
382 0
383 0
384 0
385 0
386 0
387 0
388 0
389 0
390 0
391 0
392 0
393 0
394 0
395 0
396 0
397 0
398 0
399 0
400 0
401 0
402 0
403 0
404 0
405 0
406 0
407 0
408 0
409 0
410 0
411 0
412 0
413 0
414 0
415 0
416 0
417 0
418 0
419 0
420 0
421 0
422 0
423 0
424 0
425 0
426 0
427 0
428 0
429 0
430 0
431 0
432 0
433 0
434 0
435 0
436 0
437 0
438 0
439 0
440 0
441 0
442 0
443 0
444 0
445 0
446 0
447 0
448 0
449 0
450 0
451 0
452 0
453 0
454 0
455 0
456 0
457 0
458 0
459 0
460 0
461 0
462 0
463 0
464 0
465 0
466 0
467 0
468 0
469 0
470 0
471 0
472 0
473 0
474 0
475 0
476 0
477 0
478 0
479 0
480 0
481 0
482 0
483 0
484 0
485 0
486 0
487 0
488 0
489 0
490 0
491 0
492 0
493 0
494 0
495 0
496 0
497 0
498 0
499 0
500 0
501 0
502 0
503 0
504 0
505 0
506 0
507 0
508 0
509 0
510 0
511 0
512 0
