1 0
2 0
3 8
4 7
5 12
6 6
7 9
8 9
9 14
10 18
11 7
12 14
13 14
14 13
15 9
16 3
17 13
18 11
19 13
20 6
21 10
22 8
23 10
24 5
25 8
26 6
27 10
28 7
29 7
30 8
31 12
32 9
33 4
34 5
35 5
36 6
37 4
38 6
39 4
40 5
41 3
42 6
43 4
44 5
45 2
46 4
47 4
48 4
49 3
50 7
51 6
52 6
53 7
54 4
55 4
56 2
57 7
58 4
59 5
60 5
61 4
62 3
63 3
64 2
65 4
66 6
67 3
68 1
69 8
70 4
71 8
72 3
73 6
74 6
75 3
76 5
77 9
78 6
79 3
80 2
81 2
82 5
83 5
84 6
85 6
86 3
87 6
88 8
89 4
90 7
91 6
92 4
93 5
94 3
95 6
96 4
97 9
98 7
99 4
100 6
101 8
102 5
103 9
104 2
105 5
106 6
107 4
108 3
109 3
110 10
111 7
112 3
113 10
114 9
115 11
116 8
117 6
118 5
119 7
120 6
121 6
122 3
123 3
124 4
125 5
126 5
127 2
128 2
129 10
130 3
131 8
132 4
133 5
134 3
135 3
136 5
137 4
138 6
139 5
140 5
141 4
142 1
143 0
144 3
145 1
146 2
147 0
148 1
149 2
150 1
151 3
152 2
153 2
154 2
155 3
156 1
157 0
158 3
159 2
160 0
161 2
162 3
163 0
164 0
165 0
166 0
167 0
168 0
169 0
170 0
171 0
172 1
173 1
174 0
175 0
176 0
177 0
178 2
179 1
180 0
181 0
182 0
183 0
184 0
185 0
186 0
187 0
188 0
189 0
190 0
191 0
192 0
193 0
194 0
195 0
196 0
197 0
198 0
199 0
200 0
201 0
202 0
203 0
204 1
205 0
206 0
207 0
208 0
209 0
210 0
211 0
212 1
213 1
214 0
215 0
216 0
217 1
218 0
219 0
220 0
221 0
222 0
223 0
224 0
225 0
226 0
227 0
228 0
229 0
230 0
231 0
232 0
233 0
234 0
235 0
236 1
237 0
238 0
239 0
240 0
241 0
242 0
243 0
244 0
245 0
246 0
247 0
248 0
249 0
250 0
251 0
252 0
253 0
254 0
255 0
256 0
257 0
258 0
259 0
260 0
261 0
262 0
263 0
264 0
265 0
266 0
267 1
268 0
269 0
270 0
271 0
272 0
273 0
274 0
275 0
276 0
277 0
278 0
279 0
280 0
281 0
282 0
283 0
284 0
285 0
286 0
287 0
288 0
289 0
290 0
291 0
292 0
293 0
294 0
295 0
296 0
297 0
298 0
299 0
300 0
301 0
302 0
303 0
304 0
305 0
306 0
307 0
308 0
309 0
310 0
311 0
312 0
313 0
314 0
315 0
316 0
317 0
318 0
319 0
320 0
321 0
322 0
323 0
324 0
325 0
326 0
327 0
328 0
329 0
330 0
331 0
332 0
333 0
334 0
335 0
336 0
337 0
338 0
339 0
340 0
341 0
342 0
343 0
344 0
345 0
346 0
347 0
348 0
349 0
350 0
351 0
352 0
353 0
354 0
355 0
356 0
357 0
358 0
359 0
360 0
361 0
362 0
363 0
364 0
365 0
366 0
367 0
368 0
369 0
370 0
371 0
372 0
373 0
374 0
375 0
376 0
377 0
378 0
379 0
380 0
381 0
382 0
383 0
384 0
385 0
386 0
387 0
388 0
389 0
390 0
391 0
392 0
393 0
394 0
395 0
396 0
397 0
398 0
399 0
400 0
401 0
402 0
403 0
404 0
405 0
406 0
407 0
408 0
409 0
410 0
411 0
412 0
413 0
414 0
415 0
416 0
417 0
418 0
419 0
420 0
421 0
422 0
423 0
424 0
425 0
426 0
427 0
428 0
429 0
430 0
431 0
432 0
433 0
434 0
435 0
436 0
437 0
438 0
439 0
440 0
441 0
442 0
443 0
444 0
445 0
446 0
447 0
448 0
449 0
450 0
451 0
452 0
453 0
454 0
455 0
456 0
457 0
458 0
459 0
460 0
461 0
462 0
463 0
464 0
465 0
466 0
467 0
468 0
469 0
470 0
471 0
472 0
473 0
474 0
475 0
476 0
477 0
478 0
479 0
480 0
481 0
482 0
483 0
484 0
485 0
486 0
487 0
488 0
489 0
490 0
491 0
492 0
493 0
494 0
495 0
496 0
497 0
498 0
499 0
500 0
501 0
502 0
503 0
504 0
505 0
506 0
507 0
508 0
509 0
510 0
511 0
512 0
