1 0
2 4
3 7
4 4
5 13
6 13
7 25
8 16
9 22
10 14
11 17
12 21
13 16
14 19
15 17
16 22
17 10
18 19
19 30
20 15
21 24
22 12
23 16
24 12
25 16
26 13
27 18
28 17
29 14
30 12
31 12
32 14
33 21
34 15
35 14
36 10
37 13
38 18
39 12
40 11
41 10
42 13
43 13
44 13
45 8
46 14
47 9
48 9
49 7
50 11
51 11
52 9
53 10
54 11
55 7
56 10
57 6
58 8
59 12
60 16
61 12
62 7
63 6
64 8
65 12
66 7
67 8
68 12
69 4
70 15
71 9
72 12
73 8
74 2
75 7
76 5
77 9
78 6
79 7
80 7
81 14
82 11
83 9
84 5
85 12
86 6
87 8
88 7
89 7
90 1
91 8
92 11
93 12
94 5
95 3
96 5
97 9
98 11
99 13
100 5
101 6
102 9
103 7
104 5
105 1
106 9
107 10
108 5
109 9
110 12
111 13
112 12
113 10
114 11
115 11
116 5
117 9
118 9
119 12
120 5
121 5
122 9
123 11
124 12
125 13
126 13
127 10
128 19
129 18
130 18
131 19
132 16
133 15
134 24
135 21
136 24
137 24
138 25
139 27
140 25
141 28
142 22
143 34
144 28
145 27
146 24
147 33
148 31
149 36
150 41
151 34
152 29
153 23
154 29
155 25
156 30
157 26
158 30
159 31
160 21
161 25
162 25
163 23
164 11
165 13
166 11
167 16
168 8
169 13
170 12
171 5
172 6
173 6
174 7
175 5
176 4
177 3
178 5
179 3
180 0
181 3
182 0
183 0
184 2
185 0
186 0
187 2
188 0
189 2
190 0
191 0
192 0
193 2
194 1
195 1
196 0
197 1
198 0
199 0
200 0
201 1
202 0
203 0
204 0
205 1
206 0
207 0
208 0
209 1
210 0
211 2
212 1
213 0
214 0
215 0
216 0
217 0
218 0
219 0
220 0
221 0
222 0
223 0
224 0
225 0
226 0
227 0
228 0
229 0
230 0
231 0
232 0
233 0
234 0
235 0
236 0
237 0
238 0
239 0
240 0
241 0
242 0
243 0
244 0
245 0
246 0
247 0
248 0
249 0
250 0
251 0
252 0
253 0
254 0
255 0
256 0
257 0
258 0
259 0
260 0
261 0
262 0
263 0
264 0
265 1
266 0
267 0
268 0
269 0
270 0
271 0
272 0
273 0
274 0
275 0
276 0
277 0
278 0
279 0
280 0
281 0
282 0
283 0
284 0
285 0
286 0
287 0
288 0
289 0
290 0
291 0
292 0
293 0
294 0
295 0
296 0
297 0
298 0
299 0
300 0
301 0
302 0
303 0
304 0
305 0
306 0
307 0
308 0
309 0
310 0
311 0
312 0
313 0
314 0
315 0
316 0
317 0
318 0
319 0
320 0
321 0
322 0
323 0
324 0
325 0
326 0
327 0
328 0
329 0
330 0
331 0
332 0
333 0
334 0
335 0
336 0
337 0
338 0
339 0
340 0
341 0
342 0
343 0
344 0
345 0
346 0
347 0
348 0
349 0
350 0
351 0
352 0
353 0
354 0
355 0
356 0
357 0
358 0
359 0
360 0
361 0
362 0
363 0
364 0
365 0
366 0
367 0
368 0
369 0
370 0
371 0
372 0
373 0
374 0
375 0
376 0
377 0
378 0
379 0
380 0
381 0
382 0
383 0
384 0
385 0
386 0
387 0
388 0
389 0
390 0
391 0
392 0
393 0
394 0
395 0
396 0
397 0
398 0
399 0
400 0
401 0
402 0
403 0
404 0
405 0
406 0
407 0
408 0
409 0
410 0
411 0
412 0
413 0
414 0
415 0
416 0
417 0
418 0
419 0
420 0
421 0
422 0
423 0
424 0
425 0
426 0
427 0
428 0
429 0
430 0
431 0
432 0
433 0
434 0
435 0
436 0
437 0
438 0
439 0
440 0
441 0
442 0
443 0
444 0
445 0
446 0
447 0
448 0
449 0
450 0
451 0
452 0
453 0
454 0
455 0
456 0
457 0
458 0
459 0
460 0
461 0
462 0
463 0
464 0
465 0
466 0
467 0
468 0
469 0
470 0
471 0
472 0
473 0
474 0
475 0
476 0
477 0
478 0
479 0
480 0
481 0
482 0
483 0
484 0
485 0
486 0
487 0
488 0
489 0
490 0
491 0
492 0
493 0
494 0
495 0
496 0
497 0
498 0
499 0
500 0
501 0
502 0
503 0
504 0
505 0
506 0
507 0
508 0
509 0
510 0
511 0
512 0
