1 0
2 2
3 10
4 6
5 12
6 12
7 17
8 18
9 20
10 32
11 19
12 23
13 17
14 15
15 21
16 18
17 20
18 29
19 12
20 20
21 19
22 20
23 13
24 18
25 16
26 9
27 22
28 17
29 17
30 12
31 14
32 18
33 10
34 16
35 13
36 16
37 9
38 13
39 12
40 13
41 8
42 14
43 12
44 15
45 11
46 7
47 10
48 11
49 3
50 10
51 8
52 11
53 12
54 7
55 7
56 5
57 13
58 6
59 6
60 9
61 10
62 4
63 6
64 11
65 11
66 6
67 3
68 8
69 9
70 2
71 6
72 3
73 11
74 6
75 4
76 10
77 6
78 4
79 5
80 1
81 13
82 15
83 6
84 14
85 7
86 7
87 6
88 9
89 10
90 6
91 5
92 9
93 7
94 6
95 7
96 12
97 7
98 5
99 8
100 7
101 3
102 4
103 11
104 5
105 8
106 7
107 9
108 10
109 7
110 7
111 6
112 6
113 8
114 9
115 7
116 12
117 11
118 7
119 17
120 14
121 10
122 14
123 6
124 20
125 7
126 10
127 5
128 11
129 13
130 18
131 20
132 18
133 23
134 25
135 22
136 27
137 26
138 23
139 32
140 30
141 29
142 27
143 28
144 22
145 36
146 32
147 33
148 29
149 26
150 33
151 25
152 23
153 25
154 23
155 20
156 22
157 30
158 29
159 19
160 25
161 19
162 25
163 22
164 11
165 6
166 13
167 10
168 9
169 8
170 7
171 4
172 3
173 5
174 6
175 2
176 9
177 1
178 2
179 5
180 3
181 1
182 1
183 0
184 0
185 1
186 1
187 4
188 0
189 0
190 2
191 0
192 2
193 2
194 1
195 3
196 0
197 0
198 0
199 0
200 0
201 0
202 0
203 1
204 0
205 0
206 0
207 0
208 0
209 0
210 0
211 1
212 1
213 0
214 0
215 0
216 0
217 0
218 0
219 0
220 0
221 0
222 0
223 0
224 0
225 1
226 0
227 0
228 0
229 0
230 0
231 0
232 1
233 0
234 0
235 1
236 0
237 0
238 0
239 0
240 0
241 0
242 0
243 0
244 0
245 0
246 0
247 0
248 0
249 0
250 0
251 0
252 0
253 0
254 1
255 0
256 0
257 0
258 0
259 0
260 0
261 0
262 0
263 0
264 0
265 0
266 0
267 0
268 0
269 0
270 0
271 0
272 0
273 0
274 0
275 0
276 1
277 0
278 0
279 0
280 0
281 0
282 0
283 0
284 0
285 0
286 0
287 0
288 0
289 0
290 0
291 0
292 0
293 0
294 0
295 0
296 0
297 0
298 0
299 0
300 0
301 0
302 0
303 0
304 1
305 0
306 0
307 0
308 0
309 0
310 0
311 0
312 0
313 0
314 0
315 0
316 0
317 0
318 0
319 0
320 0
321 0
322 0
323 0
324 0
325 0
326 0
327 0
328 0
329 0
330 0
331 0
332 0
333 0
334 0
335 0
336 0
337 0
338 0
339 0
340 0
341 0
342 0
343 0
344 0
345 0
346 0
347 0
348 0
349 0
350 0
351 0
352 0
353 0
354 0
355 0
356 0
357 0
358 0
359 0
360 0
361 0
362 0
363 0
364 0
365 0
366 0
367 0
368 0
369 0
370 0
371 0
372 0
373 0
374 0
375 0
376 0
377 0
378 0
379 0
380 0
381 0
382 0
383 0
384 0
385 0
386 0
387 0
388 0
389 0
390 0
391 0
392 0
393 0
394 0
395 0
396 0
397 0
398 0
399 0
400 0
401 0
402 0
403 0
404 0
405 0
406 0
407 0
408 0
409 0
410 0
411 0
412 0
413 0
414 0
415 0
416 0
417 0
418 0
419 0
420 0
421 0
422 0
423 0
424 0
425 0
426 0
427 0
428 0
429 0
430 0
431 0
432 0
433 0
434 0
435 0
436 0
437 0
438 0
439 0
440 0
441 0
442 0
443 0
444 0
445 0
446 0
447 0
448 0
449 0
450 0
451 0
452 0
453 0
454 0
455 0
456 0
457 0
458 0
459 0
460 0
461 0
462 0
463 0
464 0
465 0
466 0
467 0
468 0
469 0
470 0
471 0
472 0
473 0
474 0
475 0
476 0
477 0
478 0
479 0
480 0
481 0
482 0
483 0
484 0
485 0
486 0
487 0
488 0
489 0
490 0
491 0
492 0
493 0
494 0
495 0
496 0
497 0
498 0
499 0
500 0
501 0
502 0
503 0
504 0
505 0
506 0
507 0
508 0
509 0
510 0
511 0
512 0
