1 0
2 2
3 2
4 2
5 3
6 2
7 2
8 3
9 6
10 7
11 3
12 3
13 5
14 6
15 6
16 5
17 0
18 4
19 10
20 5
21 5
22 7
23 4
24 1
25 9
26 3
27 2
28 7
29 10
30 3
31 4
32 5
33 6
34 3
35 4
36 3
37 7
38 4
39 3
40 4
41 5
42 2
43 7
44 2
45 4
46 7
47 1
48 2
49 10
50 4
51 3
52 6
53 3
54 6
55 4
56 3
57 6
58 2
59 3
60 2
61 4
62 4
63 2
64 3
65 4
66 3
67 2
68 2
69 3
70 6
71 3
72 5
73 5
74 6
75 5
76 2
77 7
78 2
79 3
80 2
81 6
82 3
83 4
84 2
85 0
86 2
87 6
88 2
89 6
90 4
91 3
92 1
93 2
94 2
95 0
96 4
97 4
98 2
99 3
100 1
101 4
102 4
103 1
104 4
105 1
106 3
107 6
108 2
109 2
110 2
111 3
112 3
113 2
114 3
115 2
116 1
117 3
118 4
119 2
120 2
121 1
122 3
123 6
124 5
125 1
126 1
127 1
128 3
129 3
130 6
131 1
132 2
133 2
134 2
135 1
136 1
137 0
138 4
139 2
140 2
141 0
142 2
143 4
144 1
145 3
146 5
147 0
148 3
149 3
150 0
151 1
152 1
153 0
154 1
155 4
156 1
157 2
158 3
159 2
160 2
161 1
162 0
163 2
164 0
165 1
166 3
167 1
168 2
169 1
170 2
171 1
172 4
173 3
174 0
175 3
176 2
177 1
178 1
179 2
180 2
181 1
182 0
183 6
184 0
185 2
186 1
187 1
188 2
189 3
190 2
191 1
192 3
193 1
194 2
195 2
196 2
197 1
198 3
199 3
200 2
201 1
202 1
203 0
204 3
205 0
206 0
207 4
208 1
209 4
210 1
211 2
212 2
213 2
214 3
215 2
216 3
217 0
218 2
219 0
220 0
221 2
222 2
223 1
224 3
225 1
226 1
227 1
228 2
229 5
230 1
231 0
232 2
233 2
234 3
235 3
236 0
237 1
238 1
239 2
240 0
241 5
242 3
243 3
244 2
245 2
246 2
247 2
248 4
249 2
250 5
251 1
252 1
253 1
254 3
255 2
256 4
257 1
258 3
259 0
260 3
261 1
262 3
263 2
264 4
265 4
266 3
267 6
268 5
269 3
270 4
271 3
272 3
273 1
274 4
275 4
276 4
277 4
278 3
279 5
280 3
281 3
282 6
283 6
284 4
285 7
286 5
287 5
288 7
289 8
290 10
291 12
292 13
293 10
294 13
295 15
296 12
297 18
298 22
299 11
300 19
301 15
302 23
303 17
304 14
305 17
306 20
307 17
308 12
309 17
310 14
311 14
312 12
313 11
314 17
315 7
316 12
317 14
318 11
319 11
320 12
321 11
322 8
323 6
324 8
325 10
326 10
327 4
328 4
329 3
330 7
331 4
332 3
333 0
334 1
335 3
336 1
337 4
338 0
339 1
340 2
341 1
342 0
343 0
344 0
345 1
346 0
347 0
348 0
349 1
350 0
351 1
352 0
353 1
354 0
355 2
356 0
357 0
358 1
359 0
360 0
361 0
362 0
363 0
364 0
365 0
366 0
367 0
368 0
369 0
370 0
371 0
372 0
373 1
374 0
375 0
376 0
377 0
378 0
379 1
380 0
381 1
382 0
383 0
384 0
385 0
386 0
387 0
388 0
389 0
390 0
391 0
392 0
393 0
394 0
395 0
396 0
397 0
398 0
399 0
400 1
401 0
402 0
403 0
404 0
405 0
406 0
407 0
408 0
409 0
410 0
411 0
412 0
413 0
414 0
415 0
416 0
417 0
418 0
419 0
420 0
421 0
422 0
423 0
424 0
425 0
426 0
427 0
428 0
429 0
430 0
431 0
432 0
433 0
434 0
435 0
436 0
437 0
438 0
439 0
440 0
441 0
442 0
443 0
444 0
445 0
446 0
447 0
448 0
449 0
450 0
451 0
452 0
453 0
454 0
455 0
456 0
457 0
458 0
459 0
460 0
461 0
462 0
463 0
464 0
465 0
466 0
467 0
468 0
469 0
470 0
471 0
472 0
473 0
474 0
475 0
476 0
477 0
478 0
479 0
480 0
481 0
482 0
483 0
484 0
485 0
486 0
487 0
488 0
489 0
490 0
491 0
492 0
493 0
494 0
495 0
496 0
497 0
498 0
499 0
500 0
501 0
502 0
503 0
504 0
505 0
506 0
507 0
508 0
509 0
510 0
511 0
512 0
