1 0
2 1
3 2
4 0
5 2
6 0
7 1
8 3
9 6
10 5
11 7
12 1
13 4
14 5
15 1
16 4
17 10
18 5
19 6
20 8
21 9
22 7
23 6
24 4
25 5
26 4
27 7
28 1
29 6
30 2
31 2
32 4
33 4
34 4
35 2
36 1
37 5
38 6
39 4
40 3
41 8
42 5
43 5
44 1
45 3
46 7
47 2
48 3
49 5
50 1
51 2
52 1
53 2
54 5
55 2
56 0
57 5
58 4
59 2
60 1
61 1
62 1
63 1
64 2
65 1
66 2
67 1
68 3
69 1
70 2
71 2
72 3
73 4
74 3
75 2
76 4
77 4
78 1
79 5
80 4
81 5
82 3
83 2
84 7
85 2
86 4
87 1
88 3
89 2
90 0
91 4
92 3
93 2
94 4
95 0
96 5
97 5
98 4
99 2
100 1
101 1
102 1
103 3
104 1
105 0
106 3
107 2
108 3
109 5
110 1
111 1
112 1
113 1
114 3
115 3
116 6
117 1
118 1
119 7
120 1
121 2
122 1
123 1
124 2
125 2
126 0
127 5
128 2
129 1
130 2
131 1
132 1
133 1
134 4
135 3
136 4
137 0
138 1
139 2
140 1
141 1
142 3
143 3
144 4
145 4
146 0
147 2
148 2
149 2
150 2
151 2
152 1
153 2
154 4
155 2
156 1
157 1
158 1
159 0
160 3
161 1
162 2
163 1
164 1
165 1
166 6
167 0
168 2
169 4
170 1
171 0
172 0
173 2
174 1
175 3
176 0
177 0
178 1
179 2
180 3
181 0
182 0
183 0
184 1
185 2
186 2
187 5
188 0
189 2
190 3
191 2
192 2
193 3
194 1
195 2
196 0
197 1
198 0
199 3
200 0
201 1
202 2
203 0
204 3
205 1
206 1
207 2
208 1
209 1
210 2
211 1
212 4
213 3
214 2
215 3
216 3
217 1
218 1
219 3
220 0
221 1
222 0
223 1
224 1
225 2
226 1
227 1
228 0
229 3
230 0
231 6
232 2
233 2
234 3
235 2
236 3
237 2
238 3
239 2
240 1
241 5
242 0
243 2
244 3
245 3
246 2
247 4
248 1
249 3
250 1
251 5
252 1
253 1
254 2
255 5
256 2
257 1
258 2
259 4
260 2
261 2
262 2
263 0
264 4
265 3
266 5
267 3
268 0
269 3
270 7
271 5
272 5
273 3
274 3
275 3
276 6
277 6
278 3
279 2
280 8
281 9
282 6
283 9
284 5
285 10
286 6
287 10
288 10
289 10
290 8
291 11
292 11
293 10
294 10
295 7
296 10
297 14
298 10
299 10
300 16
301 17
302 13
303 22
304 19
305 12
306 19
307 10
308 18
309 17
310 9
311 12
312 15
313 17
314 22
315 18
316 16
317 13
318 12
319 13
320 2
321 11
322 7
323 9
324 6
325 13
326 10
327 10
328 6
329 9
330 2
331 0
332 4
333 2
334 1
335 1
336 2
337 3
338 0
339 1
340 0
341 0
342 1
343 1
344 1
345 1
346 0
347 0
348 1
349 0
350 0
351 0
352 0
353 0
354 0
355 0
356 0
357 0
358 0
359 2
360 0
361 1
362 0
363 0
364 0
365 0
366 0
367 0
368 0
369 0
370 0
371 0
372 0
373 0
374 0
375 0
376 0
377 0
378 0
379 0
380 0
381 0
382 0
383 0
384 0
385 0
386 0
387 0
388 0
389 0
390 0
391 0
392 0
393 0
394 0
395 0
396 0
397 0
398 0
399 0
400 0
401 0
402 0
403 0
404 0
405 0
406 0
407 0
408 0
409 0
410 0
411 0
412 0
413 0
414 0
415 0
416 0
417 0
418 0
419 0
420 0
421 0
422 0
423 0
424 0
425 0
426 0
427 0
428 0
429 0
430 0
431 0
432 0
433 0
434 0
435 0
436 0
437 0
438 0
439 0
440 0
441 0
442 0
443 0
444 0
445 0
446 0
447 0
448 0
449 0
450 0
451 0
452 0
453 0
454 0
455 0
456 0
457 0
458 0
459 0
460 0
461 0
462 0
463 0
464 0
465 0
466 0
467 0
468 0
469 0
470 0
471 0
472 0
473 0
474 0
475 0
476 0
477 0
478 0
479 0
480 0
481 0
482 0
483 0
484 0
485 0
486 0
487 0
488 0
489 0
490 0
491 0
492 0
493 0
494 0
495 0
496 0
497 0
498 0
499 0
500 0
501 0
502 0
503 0
504 0
505 0
506 0
507 0
508 0
509 0
510 0
511 0
512 0
