1 0
2 1
3 1
4 2
5 2
6 3
7 2
8 3
9 7
10 7
11 4
12 7
13 8
14 7
15 3
16 5
17 3
18 5
19 8
20 6
21 5
22 4
23 6
24 3
25 6
26 4
27 8
28 8
29 1
30 7
31 5
32 6
33 3
34 1
35 3
36 5
37 1
38 3
39 2
40 3
41 1
42 5
43 3
44 3
45 4
46 4
47 4
48 5
49 6
50 3
51 0
52 5
53 2
54 3
55 5
56 1
57 2
58 5
59 2
60 4
61 2
62 3
63 3
64 1
65 8
66 5
67 1
68 2
69 5
70 1
71 2
72 1
73 3
74 2
75 2
76 2
77 4
78 2
79 3
80 1
81 5
82 2
83 0
84 1
85 1
86 4
87 0
88 2
89 3
90 0
91 3
92 3
93 2
94 3
95 6
96 5
97 2
98 5
99 2
100 3
101 1
102 2
103 2
104 2
105 3
106 5
107 1
108 2
109 2
110 2
111 2
112 1
113 1
114 1
115 2
116 3
117 3
118 0
119 3
120 0
121 2
122 2
123 2
124 3
125 2
126 3
127 4
128 0
129 6
130 1
131 9
132 3
133 4
134 4
135 2
136 1
137 1
138 2
139 2
140 3
141 0
142 4
143 0
144 1
145 2
146 4
147 1
148 3
149 3
150 2
151 4
152 3
153 2
154 4
155 2
156 2
157 1
158 3
159 0
160 3
161 0
162 1
163 2
164 1
165 1
166 2
167 2
168 2
169 2
170 2
171 1
172 1
173 2
174 2
175 4
176 3
177 0
178 0
179 1
180 0
181 0
182 3
183 3
184 0
185 0
186 1
187 1
188 0
189 0
190 2
191 1
192 1
193 0
194 2
195 2
196 0
197 1
198 0
199 0
200 0
201 2
202 2
203 5
204 2
205 1
206 0
207 1
208 1
209 2
210 3
211 0
212 1
213 2
214 2
215 1
216 2
217 1
218 2
219 1
220 1
221 0
222 2
223 1
224 3
225 3
226 0
227 1
228 1
229 0
230 2
231 1
232 2
233 2
234 1
235 2
236 1
237 0
238 1
239 2
240 1
241 2
242 3
243 1
244 1
245 1
246 3
247 2
248 0
249 3
250 1
251 4
252 1
253 3
254 2
255 1
256 0
257 3
258 2
259 2
260 1
261 4
262 6
263 4
264 2
265 6
266 7
267 0
268 2
269 2
270 2
271 4
272 4
273 3
274 2
275 4
276 4
277 1
278 1
279 5
280 5
281 4
282 6
283 9
284 6
285 3
286 6
287 3
288 6
289 7
290 6
291 13
292 9
293 11
294 12
295 12
296 11
297 13
298 19
299 9
300 17
301 11
302 11
303 16
304 23
305 20
306 14
307 19
308 23
309 21
310 17
311 15
312 19
313 12
314 18
315 16
316 7
317 13
318 10
319 14
320 7
321 11
322 8
323 9
324 6
325 8
326 4
327 6
328 5
329 1
330 6
331 6
332 7
333 3
334 0
335 1
336 4
337 1
338 3
339 2
340 3
341 2
342 0
343 0
344 0
345 0
346 3
347 1
348 1
349 1
350 0
351 0
352 0
353 0
354 0
355 0
356 0
357 0
358 0
359 0
360 0
361 0
362 0
363 0
364 0
365 0
366 0
367 0
368 0
369 0
370 0
371 0
372 0
373 0
374 0
375 0
376 0
377 0
378 0
379 0
380 0
381 0
382 0
383 0
384 0
385 0
386 0
387 0
388 0
389 0
390 0
391 0
392 0
393 0
394 0
395 0
396 0
397 0
398 0
399 0
400 0
401 0
402 0
403 0
404 0
405 0
406 0
407 0
408 0
409 0
410 0
411 0
412 0
413 0
414 0
415 0
416 0
417 0
418 0
419 0
420 0
421 0
422 0
423 0
424 0
425 0
426 0
427 0
428 0
429 0
430 0
431 0
432 0
433 0
434 0
435 0
436 0
437 0
438 0
439 0
440 0
441 0
442 0
443 0
444 0
445 0
446 0
447 0
448 0
449 0
450 0
451 0
452 0
453 0
454 0
455 0
456 0
457 0
458 0
459 0
460 0
461 0
462 0
463 0
464 0
465 0
466 0
467 0
468 0
469 0
470 0
471 0
472 0
473 0
474 0
475 0
476 0
477 0
478 0
479 0
480 0
481 0
482 0
483 0
484 0
485 0
486 0
487 0
488 0
489 0
490 0
491 0
492 0
493 0
494 0
495 0
496 0
497 0
498 0
499 0
500 0
501 0
502 0
503 0
504 0
505 0
506 0
507 0
508 0
509 0
510 0
511 0
512 0
