1 0
2 1
3 2
4 2
5 3
6 3
7 5
8 2
9 2
10 4
11 2
12 3
13 6
14 4
15 9
16 3
17 6
18 2
19 3
20 6
21 3
22 3
23 3
24 3
25 0
26 1
27 3
28 1
29 10
30 6
31 2
32 2
33 4
34 2
35 6
36 0
37 8
38 7
39 5
40 2
41 2
42 1
43 2
44 6
45 3
46 3
47 3
48 3
49 4
50 2
51 5
52 3
53 2
54 6
55 4
56 2
57 6
58 2
59 4
60 1
61 2
62 1
63 7
64 5
65 0
66 1
67 3
68 2
69 2
70 0
71 6
72 2
73 0
74 1
75 6
76 1
77 2
78 2
79 1
80 2
81 2
82 4
83 2
84 3
85 4
86 6
87 3
88 0
89 2
90 2
91 0
92 3
93 2
94 3
95 4
96 1
97 3
98 1
99 3
100 3
101 2
102 1
103 2
104 2
105 3
106 0
107 4
108 1
109 3
110 2
111 3
112 2
113 2
114 1
115 2
116 1
117 5
118 2
119 2
120 0
121 1
122 2
123 1
124 4
125 1
126 4
127 2
128 3
129 4
130 4
131 3
132 2
133 3
134 4
135 2
136 0
137 1
138 4
139 0
140 5
141 5
142 3
143 0
144 3
145 3
146 5
147 1
148 3
149 0
150 3
151 1
152 0
153 2
154 2
155 1
156 4
157 1
158 4
159 4
160 4
161 1
162 0
163 1
164 2
165 2
166 3
167 1
168 2
169 4
170 0
171 2
172 3
173 0
174 3
175 1
176 5
177 1
178 1
179 1
180 0
181 3
182 2
183 2
184 1
185 2
186 0
187 3
188 2
189 0
190 3
191 4
192 1
193 0
194 2
195 0
196 1
197 2
198 5
199 3
200 3
201 0
202 0
203 3
204 0
205 3
206 0
207 2
208 0
209 0
210 2
211 3
212 2
213 1
214 2
215 1
216 2
217 1
218 0
219 2
220 1
221 1
222 1
223 1
224 1
225 0
226 5
227 0
228 0
229 1
230 1
231 4
232 1
233 4
234 2
235 2
236 1
237 4
238 3
239 4
240 0
241 5
242 4
243 3
244 5
245 2
246 3
247 1
248 1
249 2
250 1
251 2
252 6
253 3
254 6
255 4
256 5
257 2
258 2
259 2
260 3
261 2
262 3
263 1
264 3
265 0
266 2
267 4
268 3
269 3
270 4
271 3
272 2
273 1
274 2
275 2
276 3
277 7
278 4
279 5
280 3
281 5
282 9
283 4
284 4
285 2
286 9
287 5
288 6
289 7
290 7
291 11
292 7
293 4
294 12
295 10
296 9
297 9
298 5
299 15
300 8
301 8
302 11
303 18
304 12
305 10
306 23
307 24
308 14
309 19
310 8
311 14
312 17
313 13
314 12
315 17
316 11
317 10
318 8
319 15
320 11
321 8
322 9
323 10
324 5
325 13
326 2
327 8
328 5
329 7
330 3
331 6
332 5
333 3
334 0
335 2
336 0
337 0
338 3
339 2
340 2
341 1
342 1
343 0
344 1
345 0
346 0
347 0
348 0
349 0
350 0
351 0
352 0
353 0
354 1
355 1
356 0
357 0
358 1
359 0
360 0
361 0
362 0
363 0
364 0
365 1
366 0
367 0
368 0
369 0
370 0
371 0
372 0
373 0
374 0
375 0
376 0
377 0
378 0
379 0
380 0
381 1
382 0
383 0
384 0
385 0
386 1
387 0
388 0
389 0
390 0
391 0
392 0
393 0
394 0
395 0
396 0
397 0
398 0
399 0
400 0
401 0
402 0
403 0
404 0
405 0
406 0
407 0
408 0
409 0
410 0
411 0
412 0
413 0
414 0
415 0
416 0
417 0
418 0
419 0
420 0
421 0
422 0
423 0
424 0
425 0
426 0
427 0
428 0
429 0
430 0
431 0
432 0
433 0
434 0
435 0
436 0
437 0
438 0
439 0
440 0
441 0
442 0
443 0
444 0
445 0
446 0
447 0
448 0
449 0
450 0
451 0
452 0
453 0
454 0
455 0
456 0
457 0
458 0
459 0
460 0
461 0
462 0
463 0
464 0
465 0
466 0
467 0
468 0
469 0
470 0
471 0
472 0
473 0
474 0
475 0
476 0
477 0
478 0
479 0
480 0
481 0
482 0
483 0
484 0
485 0
486 0
487 0
488 0
489 0
490 0
491 0
492 0
493 0
494 0
495 0
496 0
497 0
498 0
499 0
500 0
501 0
502 0
503 0
504 0
505 0
506 0
507 0
508 0
509 0
510 0
511 0
512 0
