1 0
2 2
3 4
4 6
5 5
6 6
7 4
8 6
9 9
10 10
11 12
12 9
13 8
14 5
15 14
16 2
17 5
18 3
19 11
20 5
21 8
22 5
23 5
24 6
25 8
26 7
27 4
28 8
29 2
30 4
31 5
32 4
33 6
34 7
35 9
36 4
37 2
38 7
39 7
40 8
41 5
42 7
43 3
44 3
45 1
46 6
47 5
48 4
49 7
50 2
51 1
52 3
53 2
54 2
55 4
56 3
57 4
58 3
59 1
60 3
61 7
62 1
63 5
64 2
65 2
66 3
67 4
68 7
69 1
70 7
71 7
72 2
73 3
74 1
75 4
76 5
77 2
78 6
79 2
80 3
81 2
82 2
83 2
84 5
85 2
86 0
87 0
88 4
89 1
90 4
91 3
92 4
93 1
94 4
95 5
96 4
97 5
98 4
99 6
100 3
101 4
102 5
103 3
104 2
105 4
106 6
107 3
108 1
109 2
110 7
111 3
112 1
113 3
114 1
115 3
116 4
117 3
118 0
119 5
120 5
121 1
122 4
123 3
124 6
125 4
126 6
127 6
128 7
129 4
130 8
131 6
132 7
133 5
134 5
135 3
136 3
137 5
138 8
139 8
140 5
141 6
142 8
143 9
144 7
145 9
146 11
147 11
148 2
149 8
150 8
151 7
152 4
153 4
154 7
155 7
156 6
157 8
158 9
159 9
160 2
161 5
162 7
163 10
164 6
165 11
166 2
167 4
168 6
169 4
170 9
171 4
172 5
173 2
174 4
175 2
176 4
177 3
178 1
179 4
180 4
181 3
182 0
183 2
184 0
185 2
186 2
187 3
188 4
189 2
190 1
191 0
192 2
193 1
194 0
195 0
196 1
197 1
198 0
199 1
200 0
201 1
202 0
203 2
204 1
205 0
206 1
207 1
208 1
209 0
210 1
211 0
212 0
213 0
214 1
215 0
216 0
217 0
218 0
219 0
220 1
221 0
222 1
223 0
224 0
225 0
226 0
227 0
228 0
229 0
230 0
231 1
232 0
233 0
234 1
235 0
236 0
237 0
238 1
239 0
240 0
241 0
242 0
243 0
244 0
245 0
246 0
247 0
248 0
249 0
250 0
251 0
252 0
253 0
254 0
255 0
256 0
257 0
258 0
259 0
260 0
261 0
262 0
263 0
264 1
265 0
266 0
267 0
268 0
269 0
270 0
271 0
272 0
273 1
274 0
275 0
276 0
277 0
278 0
279 0
280 0
281 0
282 0
283 0
284 0
285 0
286 0
287 0
288 0
289 0
290 0
291 1
292 0
293 0
294 0
295 0
296 0
297 0
298 0
299 0
300 0
301 0
302 0
303 0
304 0
305 0
306 0
307 0
308 0
309 0
310 0
311 0
312 0
313 0
314 0
315 0
316 0
317 0
318 0
319 0
320 0
321 0
322 0
323 0
324 0
325 0
326 0
327 0
328 0
329 0
330 0
331 0
332 0
333 0
334 0
335 0
336 0
337 0
338 0
339 0
340 0
341 0
342 0
343 0
344 0
345 0
346 0
347 0
348 0
349 0
350 0
351 0
352 0
353 0
354 0
355 0
356 0
357 0
358 0
359 0
360 0
361 0
362 0
363 0
364 0
365 0
366 0
367 0
368 0
369 0
370 0
371 0
372 0
373 0
374 0
375 0
376 0
377 0
378 0
379 0
380 0
381 0
382 0
383 0
384 0
385 0
386 0
387 0
388 0
389 0
390 0
391 0
392 0
393 0
394 0
395 0
396 0
397 0
398 0
399 0
400 0
401 0
402 0
403 0
404 0
405 0
406 0
407 0
408 0
409 0
410 0
411 0
412 0
413 0
414 0
415 0
416 0
417 0
418 0
419 0
420 0
421 0
422 0
423 0
424 0
425 0
426 0
427 0
428 0
429 0
430 0
431 0
432 0
433 0
434 0
435 0
436 0
437 0
438 0
439 0
440 0
441 0
442 0
443 0
444 0
445 0
446 0
447 0
448 0
449 0
450 0
451 0
452 0
453 0
454 0
455 0
456 0
457 0
458 0
459 0
460 0
461 0
462 0
463 0
464 0
465 0
466 0
467 0
468 0
469 0
470 0
471 0
472 0
473 0
474 0
475 0
476 0
477 0
478 0
479 0
480 0
481 0
482 0
483 0
484 0
485 0
486 0
487 0
488 0
489 0
490 0
491 0
492 0
493 0
494 0
495 0
496 0
497 0
498 0
499 0
500 0
501 0
502 0
503 0
504 0
505 0
506 0
507 0
508 0
509 0
510 0
511 0
512 0
