1 0
2 0
3 7
4 5
5 5
6 6
7 10
8 8
9 7
10 11
11 12
12 3
13 8
14 6
15 5
16 12
17 7
18 8
19 6
20 9
21 3
22 8
23 5
24 6
25 10
26 8
27 2
28 9
29 8
30 5
31 4
32 2
33 2
34 4
35 9
36 9
37 3
38 3
39 5
40 2
41 4
42 5
43 3
44 5
45 8
46 3
47 2
48 4
49 7
50 5
51 7
52 4
53 5
54 4
55 3
56 3
57 2
58 2
59 4
60 5
61 0
62 3
63 0
64 6
65 7
66 4
67 1
68 1
69 3
70 3
71 2
72 0
73 1
74 5
75 2
76 0
77 4
78 4
79 3
80 0
81 2
82 5
83 3
84 4
85 0
86 0
87 4
88 4
89 4
90 3
91 3
92 2
93 4
94 0
95 2
96 4
97 4
98 3
99 3
100 1
101 1
102 6
103 5
104 6
105 1
106 2
107 1
108 6
109 3
110 7
111 6
112 6
113 5
114 5
115 3
116 6
117 5
118 5
119 3
120 9
121 3
122 2
123 7
124 3
125 8
126 2
127 6
128 5
129 4
130 10
131 4
132 8
133 4
134 6
135 4
136 4
137 7
138 8
139 5
140 5
141 8
142 8
143 4
144 7
145 9
146 4
147 10
148 6
149 5
150 3
151 6
152 6
153 3
154 7
155 2
156 5
157 7
158 2
159 4
160 4
161 4
162 6
163 8
164 5
165 4
166 3
167 3
168 2
169 2
170 4
171 6
172 2
173 4
174 0
175 7
176 2
177 1
178 2
179 5
180 4
181 1
182 3
183 2
184 1
185 2
186 2
187 1
188 3
189 0
190 1
191 1
192 0
193 3
194 2
195 3
196 3
197 0
198 2
199 0
200 1
201 1
202 2
203 1
204 0
205 2
206 0
207 3
208 0
209 0
210 1
211 0
212 1
213 1
214 0
215 0
216 1
217 0
218 0
219 0
220 0
221 0
222 0
223 0
224 0
225 0
226 0
227 0
228 0
229 0
230 0
231 0
232 0
233 0
234 1
235 0
236 0
237 0
238 2
239 0
240 1
241 0
242 0
243 0
244 0
245 1
246 0
247 0
248 1
249 0
250 0
251 0
252 0
253 0
254 0
255 0
256 0
257 0
258 0
259 0
260 0
261 0
262 0
263 0
264 0
265 0
266 1
267 0
268 0
269 0
270 0
271 0
272 0
273 0
274 0
275 0
276 0
277 0
278 0
279 0
280 0
281 0
282 0
283 0
284 0
285 0
286 0
287 0
288 0
289 0
290 0
291 0
292 0
293 0
294 0
295 0
296 0
297 0
298 0
299 0
300 0
301 0
302 0
303 1
304 0
305 0
306 0
307 0
308 0
309 0
310 0
311 0
312 0
313 0
314 0
315 0
316 0
317 0
318 0
319 0
320 0
321 0
322 0
323 0
324 0
325 0
326 0
327 0
328 0
329 0
330 0
331 0
332 0
333 0
334 0
335 0
336 0
337 0
338 0
339 0
340 0
341 0
342 0
343 0
344 0
345 0
346 0
347 0
348 0
349 0
350 0
351 0
352 0
353 0
354 0
355 0
356 0
357 0
358 0
359 0
360 0
361 0
362 0
363 0
364 0
365 0
366 0
367 0
368 0
369 0
370 0
371 0
372 0
373 0
374 0
375 0
376 0
377 0
378 0
379 0
380 0
381 0
382 0
383 0
384 0
385 0
386 0
387 0
388 0
389 0
390 0
391 0
392 0
393 0
394 0
395 0
396 0
397 0
398 0
399 0
400 0
401 0
402 0
403 0
404 0
405 0
406 0
407 0
408 0
409 0
410 0
411 0
412 0
413 0
414 0
415 0
416 0
417 0
418 0
419 0
420 0
421 0
422 0
423 0
424 0
425 0
426 0
427 0
428 0
429 0
430 0
431 0
432 0
433 0
434 0
435 0
436 0
437 0
438 0
439 0
440 0
441 0
442 0
443 0
444 0
445 0
446 0
447 0
448 0
449 0
450 0
451 0
452 0
453 0
454 0
455 0
456 0
457 0
458 0
459 0
460 0
461 0
462 0
463 0
464 0
465 0
466 0
467 0
468 0
469 0
470 0
471 0
472 0
473 0
474 0
475 0
476 0
477 0
478 0
479 0
480 0
481 0
482 0
483 0
484 0
485 0
486 0
487 0
488 0
489 0
490 0
491 0
492 0
493 0
494 0
495 0
496 0
497 0
498 0
499 0
500 0
501 0
502 0
503 0
504 0
505 0
506 0
507 0
508 0
509 0
510 0
511 0
512 0
