1 0
2 1
3 1
4 1
5 2
6 1
7 1
8 2
9 1
10 3
11 4
12 1
13 3
14 4
15 3
16 3
17 0
18 2
19 3
20 2
21 2
22 4
23 0
24 2
25 4
26 0
27 2
28 2
29 2
30 2
31 2
32 1
33 3
34 1
35 1
36 0
37 3
38 4
39 0
40 2
41 1
42 0
43 2
44 2
45 2
46 0
47 2
48 1
49 2
50 3
51 2
52 1
53 2
54 1
55 3
56 0
57 0
58 0
59 0
60 1
61 3
62 0
63 0
64 0
65 1
66 3
67 1
68 2
69 2
70 0
71 2
72 0
73 1
74 0
75 0
76 2
77 1
78 2
79 3
80 0
81 1
82 1
83 1
84 1
85 0
86 4
87 0
88 1
89 1
90 1
91 1
92 1
93 0
94 1
95 0
96 1
97 2
98 2
99 1
100 0
101 0
102 1
103 0
104 1
105 1
106 0
107 1
108 0
109 1
110 3
111 0
112 1
113 2
114 0
115 1
116 0
117 0
118 1
119 0
120 0
121 0
122 0
123 0
124 2
125 1
126 2
127 0
128 2
129 1
130 0
131 1
132 0
133 2
134 0
135 0
136 0
137 0
138 0
139 1
140 0
141 1
142 1
143 0
144 1
145 1
146 1
147 2
148 1
149 2
150 1
151 2
152 0
153 1
154 1
155 2
156 1
157 0
158 1
159 0
160 1
161 1
162 2
163 0
164 0
165 0
166 0
167 0
168 1
169 0
170 0
171 1
172 2
173 0
174 0
175 0
176 1
177 1
178 0
179 0
180 1
181 3
182 0
183 0
184 1
185 1
186 1
187 2
188 2
189 0
190 1
191 0
192 0
193 1
194 2
195 1
196 0
197 4
198 3
199 1
200 0
201 3
202 1
203 1
204 0
205 2
206 3
207 0
208 0
209 3
210 3
211 1
212 3
213 4
214 2
215 2
216 2
217 1
218 3
219 2
220 4
221 0
222 1
223 1
224 2
225 3
226 2
227 1
228 3
229 4
230 1
231 0
232 3
233 3
234 2
235 4
236 3
237 2
238 0
239 2
240 3
241 2
242 3
243 3
244 2
245 4
246 4
247 2
248 3
249 1
250 5
251 2
252 3
253 4
254 3
255 1
256 3
257 3
258 3
259 4
260 5
261 5
262 3
263 4
264 0
265 2
266 0
267 1
268 4
269 0
270 3
271 3
272 0
273 3
274 2
275 2
276 0
277 2
278 2
279 3
280 2
281 0
282 0
283 1
284 3
285 1
286 1
287 4
288 2
289 1
290 1
291 1
292 2
293 1
294 3
295 1
296 1
297 1
298 2
299 0
300 1
301 1
302 0
303 1
304 0
305 0
306 3
307 0
308 1
309 0
310 0
311 2
312 1
313 0
314 0
315 0
316 1
317 0
318 1
319 1
320 1
321 1
322 0
323 1
324 0
325 0
326 0
327 0
328 1
329 0
330 0
331 0
332 0
333 0
334 0
335 0
336 0
337 1
338 0
339 0
340 0
341 0
342 0
343 0
344 0
345 0
346 0
347 0
348 0
349 0
350 0
351 0
352 0
353 0
354 0
355 0
356 0
357 0
358 0
359 0
360 0
361 0
362 0
363 1
364 0
365 0
366 0
367 0
368 1
369 0
370 0
371 0
372 0
373 0
374 0
375 0
376 0
377 0
378 0
379 0
380 0
381 0
382 0
383 0
384 0
385 0
386 0
387 0
388 0
389 0
390 0
391 0
392 0
393 0
394 0
395 0
396 0
397 0
398 0
399 0
400 0
401 0
402 0
403 0
404 0
405 0
406 0
407 0
408 0
409 0
410 0
411 0
412 0
413 0
414 0
415 0
416 0
417 0
418 0
419 0
420 0
421 0
422 0
423 0
424 0
425 0
426 0
427 0
428 0
429 0
430 0
431 0
432 0
433 0
434 0
435 0
436 0
437 0
438 0
439 0
440 0
441 0
442 0
443 0
444 0
445 0
446 0
447 0
448 0
449 0
450 0
451 0
452 0
453 0
454 0
455 0
456 0
457 0
458 0
459 0
460 0
461 0
462 0
463 0
464 0
465 0
466 0
467 0
468 0
469 0
470 0
471 0
472 0
473 0
474 0
475 0
476 0
477 0
478 0
479 0
480 0
481 0
482 0
483 0
484 0
485 0
486 0
487 0
488 0
489 0
490 0
491 0
492 0
493 0
494 0
495 0
496 0
497 0
498 0
499 0
500 0
501 0
502 0
503 0
504 0
505 0
506 0
507 0
508 0
509 0
510 0
511 0
512 0
