1 0
2 0
3 2
4 0
5 0
6 1
7 1
8 0
9 1
10 3
11 5
12 2
13 2
14 2
15 2
16 1
17 3
18 2
19 2
20 1
21 2
22 3
23 1
24 3
25 4
26 0
27 5
28 3
29 3
30 3
31 2
32 2
33 1
34 2
35 4
36 3
37 2
38 0
39 1
40 1
41 1
42 2
43 3
44 3
45 0
46 4
47 0
48 0
49 2
50 2
51 2
52 0
53 0
54 1
55 0
56 2
57 0
58 4
59 0
60 1
61 1
62 2
63 1
64 2
65 1
66 3
67 1
68 0
69 0
70 3
71 1
72 2
73 0
74 3
75 0
76 1
77 0
78 2
79 2
80 5
81 4
82 2
83 1
84 3
85 0
86 2
87 2
88 0
89 0
90 1
91 2
92 1
93 1
94 0
95 1
96 0
97 0
98 0
99 1
100 0
101 0
102 0
103 0
104 0
105 0
106 1
107 0
108 1
109 0
110 3
111 0
112 2
113 0
114 2
115 2
116 0
117 4
118 2
119 0
120 1
121 2
122 0
123 0
124 1
125 2
126 1
127 1
128 1
129 0
130 0
131 2
132 0
133 0
134 2
135 2
136 0
137 0
138 0
139 1
140 0
141 2
142 0
143 1
144 0
145 2
146 0
147 1
148 1
149 2
150 2
151 1
152 2
153 1
154 2
155 1
156 0
157 0
158 1
159 0
160 3
161 0
162 1
163 0
164 0
165 0
166 1
167 1
168 1
169 2
170 0
171 1
172 1
173 0
174 2
175 0
176 0
177 0
178 0
179 4
180 1
181 2
182 2
183 2
184 1
185 2
186 2
187 3
188 0
189 2
190 0
191 2
192 1
193 1
194 1
195 2
196 4
197 1
198 2
199 1
200 0
201 0
202 2
203 1
204 0
205 3
206 1
207 3
208 0
209 2
210 2
211 1
212 3
213 0
214 2
215 2
216 0
217 4
218 0
219 1
220 2
221 1
222 2
223 0
224 2
225 2
226 3
227 3
228 3
229 2
230 5
231 4
232 4
233 1
234 6
235 5
236 0
237 3
238 7
239 1
240 2
241 3
242 1
243 2
244 3
245 2
246 4
247 6
248 2
249 4
250 8
251 2
252 5
253 4
254 2
255 1
256 0
257 4
258 5
259 2
260 1
261 2
262 4
263 1
264 2
265 3
266 5
267 0
268 3
269 3
270 2
271 2
272 2
273 1
274 4
275 4
276 3
277 1
278 2
279 1
280 2
281 2
282 1
283 0
284 1
285 1
286 1
287 2
288 3
289 5
290 2
291 0
292 1
293 2
294 4
295 3
296 1
297 1
298 0
299 1
300 0
301 1
302 1
303 0
304 1
305 0
306 2
307 0
308 1
309 0
310 2
311 0
312 1
313 2
314 0
315 0
316 0
317 1
318 0
319 0
320 0
321 0
322 1
323 0
324 0
325 0
326 0
327 0
328 1
329 1
330 0
331 0
332 1
333 0
334 0
335 0
336 0
337 0
338 0
339 0
340 0
341 0
342 0
343 0
344 1
345 0
346 0
347 0
348 0
349 0
350 0
351 0
352 0
353 0
354 0
355 0
356 0
357 0
358 0
359 0
360 0
361 0
362 0
363 0
364 0
365 0
366 0
367 0
368 0
369 0
370 0
371 0
372 0
373 0
374 0
375 0
376 0
377 0
378 0
379 0
380 0
381 0
382 0
383 0
384 0
385 0
386 0
387 0
388 0
389 0
390 0
391 0
392 0
393 0
394 0
395 0
396 0
397 0
398 0
399 0
400 0
401 0
402 0
403 0
404 0
405 0
406 0
407 0
408 0
409 0
410 0
411 0
412 0
413 0
414 0
415 0
416 0
417 0
418 0
419 0
420 0
421 0
422 0
423 0
424 0
425 0
426 0
427 0
428 0
429 0
430 0
431 0
432 0
433 0
434 0
435 0
436 0
437 0
438 0
439 0
440 0
441 0
442 0
443 0
444 0
445 0
446 0
447 0
448 0
449 0
450 0
451 0
452 0
453 0
454 0
455 0
456 0
457 0
458 0
459 0
460 0
461 0
462 0
463 0
464 0
465 0
466 0
467 0
468 0
469 0
470 0
471 0
472 0
473 0
474 0
475 0
476 0
477 0
478 0
479 0
480 0
481 0
482 0
483 0
484 0
485 0
486 0
487 0
488 0
489 0
490 0
491 0
492 0
493 0
494 0
495 0
496 0
497 0
498 0
499 0
500 0
501 0
502 0
503 0
504 0
505 0
506 0
507 0
508 0
509 0
510 0
511 0
512 0
