1 0
2 0
3 0
4 1
5 0
6 2
7 2
8 0
9 1
10 1
11 3
12 1
13 3
14 3
15 1
16 5
17 3
18 3
19 4
20 2
21 1
22 1
23 1
24 4
25 1
26 3
27 5
28 2
29 2
30 2
31 0
32 1
33 3
34 2
35 4
36 5
37 2
38 3
39 3
40 1
41 2
42 1
43 2
44 1
45 0
46 5
47 2
48 1
49 1
50 1
51 0
52 2
53 0
54 3
55 0
56 0
57 1
58 0
59 3
60 1
61 1
62 0
63 3
64 1
65 0
66 2
67 1
68 3
69 2
70 0
71 1
72 0
73 1
74 1
75 2
76 2
77 0
78 1
79 1
80 1
81 2
82 0
83 0
84 1
85 2
86 1
87 0
88 2
89 0
90 1
91 1
92 1
93 1
94 1
95 0
96 2
97 0
98 1
99 0
100 1
101 2
102 2
103 2
104 2
105 3
106 1
107 2
108 2
109 1
110 0
111 1
112 2
113 1
114 0
115 0
116 1
117 1
118 0
119 1
120 2
121 0
122 1
123 0
124 2
125 2
126 0
127 0
128 1
129 2
130 0
131 1
132 2
133 1
134 1
135 0
136 1
137 0
138 0
139 1
140 1
141 2
142 0
143 2
144 1
145 2
146 1
147 1
148 1
149 2
150 1
151 2
152 1
153 1
154 0
155 1
156 1
157 1
158 1
159 2
160 0
161 2
162 1
163 1
164 1
165 1
166 1
167 1
168 3
169 1
170 0
171 0
172 0
173 3
174 0
175 1
176 0
177 2
178 1
179 2
180 0
181 1
182 0
183 3
184 2
185 2
186 2
187 0
188 3
189 1
190 2
191 1
192 0
193 1
194 1
195 0
196 1
197 0
198 1
199 2
200 1
201 0
202 0
203 1
204 0
205 0
206 1
207 2
208 4
209 0
210 3
211 0
212 4
213 4
214 3
215 3
216 2
217 2
218 2
219 2
220 1
221 2
222 2
223 2
224 1
225 4
226 3
227 3
228 1
229 2
230 0
231 0
232 1
233 0
234 3
235 1
236 0
237 3
238 2
239 3
240 1
241 3
242 1
243 1
244 3
245 2
246 3
247 2
248 2
249 2
250 5
251 2
252 0
253 0
254 4
255 4
256 2
257 5
258 4
259 2
260 3
261 4
262 1
263 3
264 4
265 2
266 1
267 1
268 3
269 1
270 2
271 3
272 3
273 4
274 3
275 3
276 2
277 1
278 4
279 1
280 3
281 0
282 2
283 3
284 3
285 2
286 3
287 1
288 2
289 0
290 1
291 1
292 2
293 1
294 0
295 1
296 1
297 2
298 1
299 0
300 4
301 1
302 0
303 3
304 1
305 0
306 1
307 2
308 2
309 0
310 0
311 3
312 1
313 0
314 1
315 0
316 1
317 1
318 0
319 3
320 0
321 0
322 0
323 0
324 1
325 0
326 0
327 1
328 0
329 0
330 0
331 0
332 2
333 0
334 1
335 0
336 0
337 0
338 0
339 0
340 0
341 0
342 0
343 0
344 0
345 0
346 0
347 0
348 0
349 0
350 0
351 0
352 0
353 0
354 0
355 0
356 0
357 0
358 0
359 0
360 0
361 0
362 0
363 0
364 0
365 0
366 0
367 0
368 0
369 0
370 0
371 0
372 0
373 0
374 0
375 0
376 0
377 0
378 0
379 0
380 0
381 0
382 0
383 0
384 0
385 0
386 0
387 0
388 0
389 0
390 0
391 0
392 0
393 0
394 0
395 0
396 0
397 0
398 0
399 0
400 0
401 0
402 0
403 0
404 0
405 0
406 0
407 0
408 0
409 0
410 0
411 0
412 0
413 0
414 0
415 0
416 0
417 0
418 0
419 0
420 0
421 0
422 0
423 0
424 0
425 0
426 0
427 0
428 0
429 0
430 0
431 0
432 0
433 0
434 0
435 0
436 0
437 0
438 0
439 0
440 0
441 0
442 0
443 0
444 0
445 0
446 0
447 0
448 0
449 0
450 0
451 0
452 0
453 0
454 0
455 0
456 0
457 0
458 0
459 0
460 0
461 0
462 0
463 0
464 0
465 0
466 0
467 0
468 0
469 0
470 0
471 0
472 0
473 0
474 0
475 0
476 0
477 0
478 0
479 0
480 0
481 0
482 0
483 0
484 0
485 0
486 0
487 0
488 0
489 0
490 0
491 0
492 0
493 0
494 0
495 0
496 0
497 0
498 0
499 0
500 0
501 0
502 0
503 0
504 0
505 0
506 0
507 0
508 0
509 0
510 0
511 0
512 0
