1 0
2 0
3 0
4 1
5 1
6 1
7 1
8 5
9 1
10 5
11 1
12 2
13 2
14 3
15 4
16 5
17 3
18 4
19 3
20 3
21 3
22 1
23 5
24 4
25 4
26 3
27 1
28 4
29 2
30 4
31 0
32 2
33 1
34 4
35 1
36 5
37 0
38 1
39 2
40 3
41 2
42 1
43 1
44 1
45 1
46 0
47 3
48 5
49 0
50 2
51 0
52 1
53 0
54 0
55 1
56 3
57 4
58 2
59 1
60 0
61 1
62 0
63 3
64 1
65 3
66 1
67 2
68 2
69 0
70 0
71 1
72 1
73 1
74 0
75 1
76 1
77 1
78 0
79 0
80 1
81 2
82 2
83 1
84 1
85 1
86 1
87 1
88 0
89 1
90 0
91 1
92 2
93 1
94 1
95 0
96 2
97 2
98 1
99 1
100 2
101 0
102 4
103 0
104 0
105 0
106 1
107 0
108 1
109 1
110 1
111 1
112 1
113 2
114 1
115 2
116 1
117 1
118 1
119 0
120 2
121 1
122 1
123 1
124 2
125 2
126 0
127 2
128 1
129 2
130 0
131 1
132 0
133 0
134 1
135 0
136 0
137 2
138 2
139 1
140 1
141 0
142 1
143 2
144 0
145 0
146 0
147 1
148 0
149 2
150 2
151 0
152 0
153 1
154 0
155 0
156 1
157 0
158 1
159 1
160 1
161 1
162 1
163 0
164 0
165 1
166 0
167 0
168 0
169 2
170 1
171 1
172 0
173 0
174 1
175 1
176 1
177 1
178 4
179 1
180 1
181 1
182 1
183 0
184 1
185 1
186 1
187 0
188 0
189 1
190 0
191 1
192 1
193 0
194 0
195 3
196 1
197 0
198 1
199 1
200 3
201 0
202 3
203 3
204 0
205 3
206 0
207 2
208 1
209 3
210 1
211 0
212 1
213 5
214 2
215 2
216 2
217 1
218 3
219 1
220 3
221 2
222 1
223 2
224 1
225 1
226 2
227 0
228 2
229 1
230 1
231 2
232 6
233 5
234 3
235 4
236 4
237 1
238 3
239 1
240 6
241 4
242 2
243 3
244 5
245 8
246 2
247 2
248 2
249 3
250 2
251 5
252 3
253 2
254 2
255 2
256 3
257 3
258 3
259 5
260 3
261 2
262 3
263 2
264 2
265 5
266 6
267 2
268 4
269 3
270 8
271 0
272 1
273 2
274 3
275 2
276 3
277 1
278 2
279 1
280 2
281 3
282 1
283 4
284 1
285 2
286 1
287 3
288 1
289 3
290 2
291 2
292 1
293 1
294 2
295 3
296 0
297 1
298 0
299 0
300 2
301 1
302 3
303 2
304 1
305 0
306 2
307 0
308 2
309 0
310 0
311 1
312 0
313 1
314 1
315 1
316 2
317 0
318 0
319 0
320 1
321 0
322 0
323 0
324 0
325 0
326 0
327 0
328 0
329 1
330 0
331 0
332 0
333 1
334 0
335 0
336 0
337 0
338 0
339 0
340 0
341 0
342 0
343 0
344 0
345 1
346 0
347 0
348 0
349 0
350 0
351 0
352 0
353 0
354 1
355 0
356 0
357 0
358 0
359 0
360 0
361 0
362 0
363 0
364 0
365 0
366 0
367 0
368 0
369 0
370 0
371 0
372 0
373 0
374 0
375 0
376 0
377 0
378 0
379 0
380 0
381 0
382 0
383 0
384 0
385 0
386 0
387 0
388 0
389 0
390 0
391 0
392 0
393 0
394 0
395 0
396 0
397 0
398 0
399 0
400 0
401 0
402 0
403 0
404 0
405 0
406 0
407 0
408 0
409 0
410 0
411 0
412 0
413 0
414 0
415 0
416 0
417 0
418 0
419 0
420 0
421 0
422 0
423 0
424 0
425 0
426 0
427 0
428 0
429 0
430 0
431 0
432 0
433 0
434 0
435 0
436 0
437 0
438 0
439 0
440 0
441 0
442 0
443 0
444 0
445 0
446 0
447 0
448 0
449 0
450 0
451 0
452 0
453 0
454 0
455 0
456 0
457 0
458 0
459 0
460 0
461 0
462 0
463 0
464 0
465 0
466 0
467 0
468 0
469 0
470 0
471 0
472 0
473 0
474 0
475 0
476 0
477 0
478 0
479 0
480 0
481 0
482 0
483 0
484 0
485 0
486 0
487 0
488 0
489 0
490 0
491 0
492 0
493 0
494 0
495 0
496 0
497 0
498 0
499 0
500 0
501 0
502 0
503 0
504 0
505 0
506 0
507 0
508 0
509 0
510 0
511 0
512 0
