1 0
2 0
3 1
4 2
5 4
6 2
7 1
8 6
9 7
10 1
11 4
12 5
13 9
14 2
15 5
16 2
17 9
18 3
19 3
20 3
21 4
22 1
23 3
24 5
25 4
26 8
27 6
28 1
29 2
30 2
31 2
32 5
33 3
34 4
35 3
36 0
37 2
38 2
39 4
40 2
41 1
42 1
43 3
44 2
45 4
46 3
47 7
48 1
49 1
50 2
51 2
52 2
53 3
54 6
55 0
56 2
57 3
58 2
59 3
60 1
61 2
62 3
63 3
64 3
65 2
66 1
67 1
68 3
69 0
70 0
71 1
72 2
73 6
74 3
75 2
76 1
77 2
78 2
79 1
80 2
81 3
82 2
83 1
84 1
85 1
86 0
87 3
88 0
89 2
90 5
91 2
92 3
93 4
94 4
95 2
96 1
97 1
98 0
99 0
100 3
101 1
102 2
103 1
104 4
105 2
106 1
107 3
108 1
109 2
110 1
111 0
112 1
113 1
114 1
115 1
116 3
117 2
118 1
119 0
120 0
121 0
122 4
123 2
124 3
125 0
126 0
127 0
128 0
129 1
130 0
131 0
132 4
133 2
134 2
135 0
136 3
137 0
138 4
139 3
140 1
141 2
142 5
143 2
144 2
145 2
146 5
147 3
148 0
149 0
150 1
151 3
152 3
153 1
154 2
155 5
156 2
157 0
158 4
159 4
160 4
161 1
162 3
163 1
164 6
165 2
166 4
167 3
168 2
169 5
170 2
171 5
172 5
173 5
174 3
175 2
176 5
177 6
178 7
179 5
180 4
181 6
182 2
183 3
184 6
185 2
186 2
187 6
188 7
189 2
190 4
191 3
192 5
193 4
194 5
195 3
196 3
197 9
198 5
199 3
200 5
201 8
202 6
203 5
204 6
205 5
206 5
207 4
208 6
209 4
210 6
211 5
212 2
213 4
214 2
215 6
216 6
217 5
218 6
219 1
220 2
221 7
222 3
223 3
224 3
225 2
226 1
227 3
228 5
229 3
230 3
231 3
232 6
233 1
234 2
235 2
236 2
237 4
238 1
239 3
240 0
241 4
242 2
243 0
244 1
245 2
246 3
247 4
248 0
249 0
250 0
251 4
252 0
253 0
254 1
255 1
256 1
257 2
258 2
259 0
260 0
261 1
262 0
263 0
264 0
265 1
266 0
267 0
268 0
269 1
270 0
271 1
272 0
273 1
274 0
275 0
276 1
277 0
278 0
279 0
280 0
281 0
282 0
283 2
284 0
285 0
286 0
287 0
288 0
289 0
290 0
291 0
292 0
293 0
294 0
295 0
296 0
297 0
298 0
299 0
300 0
301 0
302 0
303 0
304 2
305 0
306 0
307 0
308 0
309 0
310 0
311 0
312 0
313 0
314 0
315 0
316 0
317 0
318 0
319 0
320 0
321 0
322 0
323 0
324 0
325 0
326 0
327 0
328 0
329 0
330 0
331 0
332 0
333 0
334 0
335 0
336 0
337 0
338 0
339 0
340 0
341 0
342 0
343 0
344 0
345 0
346 0
347 0
348 0
349 0
350 0
351 0
352 0
353 0
354 0
355 0
356 0
357 0
358 0
359 0
360 0
361 0
362 0
363 0
364 0
365 0
366 0
367 0
368 0
369 0
370 0
371 0
372 0
373 0
374 0
375 0
376 0
377 0
378 0
379 0
380 0
381 0
382 0
383 0
384 0
385 0
386 0
387 0
388 0
389 0
390 0
391 0
392 0
393 0
394 0
395 0
396 0
397 0
398 0
399 0
400 0
401 0
402 0
403 0
404 0
405 0
406 0
407 0
408 0
409 0
410 0
411 0
412 0
413 0
414 0
415 0
416 0
417 0
418 0
419 0
420 0
421 0
422 0
423 0
424 0
425 0
426 0
427 0
428 0
429 0
430 0
431 0
432 0
433 0
434 0
435 0
436 0
437 0
438 0
439 0
440 0
441 0
442 0
443 0
444 0
445 0
446 0
447 0
448 0
449 0
450 0
451 0
452 0
453 0
454 0
455 0
456 0
457 0
458 0
459 0
460 0
461 0
462 0
463 0
464 0
465 0
466 0
467 0
468 0
469 0
470 0
471 0
472 0
473 0
474 0
475 0
476 0
477 0
478 0
479 0
480 0
481 0
482 0
483 0
484 0
485 0
486 0
487 0
488 0
489 0
490 0
491 0
492 0
493 0
494 0
495 0
496 0
497 0
498 0
499 0
500 0
501 0
502 0
503 0
504 0
505 0
506 0
507 0
508 0
509 0
510 0
511 0
512 0
