1 0
2 0
3 3
4 3
5 4
6 1
7 8
8 4
9 8
10 3
11 3
12 5
13 3
14 8
15 10
16 4
17 4
18 2
19 6
20 4
21 5
22 6
23 1
24 0
25 4
26 5
27 3
28 2
29 4
30 3
31 1
32 3
33 1
34 3
35 2
36 2
37 1
38 4
39 4
40 4
41 4
42 6
43 1
44 2
45 2
46 5
47 4
48 4
49 7
50 2
51 5
52 3
53 4
54 1
55 0
56 2
57 3
58 5
59 0
60 2
61 5
62 1
63 1
64 3
65 1
66 2
67 3
68 0
69 3
70 3
71 3
72 4
73 0
74 1
75 2
76 0
77 1
78 3
79 2
80 1
81 4
82 2
83 3
84 2
85 2
86 1
87 1
88 4
89 1
90 0
91 3
92 2
93 1
94 3
95 1
96 1
97 0
98 2
99 0
100 0
101 2
102 4
103 4
104 3
105 2
106 1
107 2
108 1
109 1
110 1
111 1
112 2
113 3
114 1
115 3
116 2
117 1
118 3
119 4
120 1
121 3
122 2
123 3
124 2
125 1
126 1
127 3
128 2
129 1
130 0
131 2
132 2
133 5
134 2
135 4
136 1
137 1
138 0
139 4
140 3
141 3
142 1
143 4
144 4
145 2
146 2
147 2
148 1
149 2
150 2
151 1
152 5
153 1
154 5
155 1
156 1
157 1
158 1
159 6
160 4
161 3
162 2
163 2
164 4
165 1
166 3
167 5
168 3
169 6
170 2
171 4
172 5
173 6
174 3
175 3
176 4
177 3
178 3
179 3
180 7
181 1
182 7
183 4
184 3
185 5
186 6
187 3
188 4
189 3
190 3
191 5
192 5
193 1
194 3
195 5
196 6
197 5
198 4
199 5
200 6
201 8
202 7
203 2
204 3
205 5
206 4
207 4
208 5
209 5
210 4
211 4
212 1
213 4
214 2
215 5
216 2
217 6
218 4
219 2
220 3
221 2
222 3
223 1
224 1
225 2
226 3
227 3
228 3
229 5
230 3
231 1
232 4
233 2
234 1
235 1
236 3
237 2
238 2
239 2
240 1
241 0
242 2
243 1
244 2
245 2
246 1
247 1
248 1
249 0
250 1
251 3
252 1
253 0
254 2
255 1
256 0
257 0
258 2
259 0
260 2
261 2
262 0
263 0
264 0
265 0
266 1
267 0
268 1
269 0
270 0
271 1
272 0
273 1
274 0
275 0
276 1
277 0
278 0
279 0
280 0
281 0
282 0
283 2
284 0
285 1
286 0
287 0
288 0
289 0
290 0
291 0
292 0
293 0
294 0
295 1
296 0
297 0
298 0
299 0
300 1
301 0
302 0
303 0
304 1
305 0
306 0
307 1
308 0
309 0
310 0
311 0
312 0
313 0
314 0
315 0
316 0
317 1
318 0
319 0
320 0
321 0
322 0
323 0
324 0
325 0
326 0
327 0
328 0
329 1
330 0
331 0
332 0
333 0
334 0
335 0
336 0
337 0
338 0
339 0
340 0
341 0
342 0
343 0
344 0
345 0
346 0
347 0
348 0
349 0
350 0
351 0
352 0
353 0
354 0
355 0
356 0
357 0
358 0
359 0
360 0
361 0
362 0
363 0
364 0
365 0
366 0
367 0
368 0
369 0
370 0
371 0
372 0
373 0
374 0
375 0
376 0
377 0
378 0
379 0
380 0
381 0
382 0
383 0
384 0
385 0
386 0
387 0
388 0
389 0
390 0
391 0
392 0
393 0
394 0
395 0
396 0
397 0
398 0
399 0
400 0
401 0
402 0
403 0
404 0
405 0
406 0
407 0
408 0
409 0
410 0
411 0
412 0
413 0
414 0
415 0
416 0
417 0
418 0
419 0
420 0
421 0
422 0
423 0
424 0
425 0
426 0
427 0
428 0
429 0
430 0
431 0
432 0
433 0
434 0
435 0
436 0
437 0
438 0
439 0
440 0
441 0
442 0
443 0
444 0
445 0
446 0
447 0
448 0
449 0
450 0
451 0
452 0
453 0
454 0
455 0
456 0
457 0
458 0
459 0
460 0
461 0
462 0
463 0
464 0
465 0
466 0
467 0
468 0
469 0
470 0
471 0
472 0
473 0
474 0
475 0
476 0
477 0
478 0
479 0
480 0
481 0
482 0
483 0
484 0
485 0
486 0
487 0
488 0
489 0
490 0
491 0
492 0
493 0
494 0
495 0
496 0
497 0
498 0
499 0
500 0
501 0
502 0
503 0
504 0
505 0
506 0
507 0
508 0
509 0
510 0
511 0
512 0
