1 0
2 0
3 1
4 1
5 2
6 1
7 2
8 4
9 2
10 5
11 5
12 1
13 7
14 4
15 2
16 4
17 5
18 4
19 4
20 5
21 9
22 3
23 4
24 2
25 5
26 5
27 2
28 5
29 2
30 7
31 4
32 0
33 5
34 5
35 4
36 1
37 4
38 7
39 2
40 1
41 4
42 4
43 1
44 4
45 2
46 2
47 3
48 1
49 2
50 7
51 4
52 3
53 2
54 5
55 3
56 3
57 3
58 1
59 1
60 5
61 4
62 1
63 0
64 3
65 3
66 3
67 3
68 1
69 0
70 4
71 3
72 2
73 0
74 1
75 0
76 0
77 1
78 0
79 4
80 2
81 3
82 2
83 1
84 2
85 1
86 3
87 2
88 2
89 2
90 1
91 2
92 3
93 1
94 3
95 1
96 2
97 2
98 1
99 3
100 5
101 1
102 0
103 4
104 0
105 3
106 2
107 3
108 0
109 3
110 0
111 1
112 4
113 2
114 1
115 3
116 1
117 0
118 2
119 3
120 4
121 1
122 1
123 0
124 2
125 1
126 1
127 4
128 0
129 0
130 3
131 5
132 2
133 2
134 0
135 0
136 1
137 0
138 1
139 2
140 2
141 7
142 1
143 6
144 3
145 1
146 1
147 0
148 5
149 5
150 2
151 2
152 2
153 2
154 1
155 7
156 4
157 1
158 4
159 8
160 0
161 2
162 4
163 2
164 5
165 3
166 3
167 3
168 5
169 2
170 1
171 4
172 4
173 3
174 3
175 5
176 8
177 3
178 1
179 5
180 5
181 3
182 2
183 2
184 5
185 9
186 3
187 2
188 1
189 4
190 5
191 1
192 2
193 7
194 3
195 6
196 6
197 2
198 6
199 7
200 4
201 4
202 5
203 2
204 9
205 6
206 5
207 2
208 3
209 2
210 5
211 8
212 3
213 3
214 10
215 9
216 3
217 5
218 4
219 5
220 4
221 4
222 2
223 2
224 2
225 3
226 5
227 4
228 3
229 0
230 2
231 2
232 2
233 1
234 4
235 3
236 1
237 2
238 2
239 4
240 3
241 2
242 0
243 0
244 2
245 0
246 3
247 1
248 1
249 3
250 0
251 0
252 0
253 0
254 0
255 0
256 1
257 0
258 1
259 2
260 0
261 1
262 1
263 1
264 3
265 0
266 1
267 1
268 2
269 1
270 0
271 1
272 1
273 0
274 0
275 0
276 0
277 0
278 0
279 0
280 1
281 0
282 0
283 0
284 0
285 0
286 0
287 0
288 0
289 0
290 0
291 1
292 0
293 0
294 0
295 0
296 1
297 0
298 0
299 0
300 0
301 0
302 0
303 0
304 0
305 0
306 0
307 0
308 0
309 0
310 0
311 0
312 0
313 0
314 0
315 0
316 0
317 0
318 0
319 0
320 0
321 0
322 0
323 0
324 0
325 0
326 0
327 0
328 0
329 1
330 0
331 0
332 0
333 0
334 0
335 0
336 0
337 0
338 0
339 0
340 0
341 0
342 0
343 0
344 0
345 0
346 0
347 0
348 0
349 0
350 0
351 0
352 0
353 0
354 0
355 0
356 0
357 0
358 0
359 0
360 0
361 0
362 0
363 0
364 0
365 0
366 0
367 0
368 1
369 0
370 0
371 0
372 0
373 0
374 0
375 0
376 0
377 0
378 0
379 0
380 0
381 0
382 0
383 0
384 0
385 0
386 0
387 0
388 0
389 0
390 0
391 0
392 0
393 0
394 0
395 0
396 0
397 0
398 0
399 0
400 0
401 0
402 0
403 0
404 0
405 0
406 0
407 0
408 0
409 0
410 0
411 0
412 0
413 0
414 0
415 0
416 0
417 0
418 0
419 0
420 0
421 0
422 0
423 0
424 0
425 0
426 0
427 0
428 0
429 0
430 0
431 0
432 0
433 0
434 0
435 0
436 0
437 0
438 0
439 0
440 0
441 0
442 0
443 0
444 0
445 0
446 0
447 0
448 0
449 0
450 0
451 0
452 0
453 0
454 0
455 0
456 0
457 0
458 0
459 0
460 0
461 0
462 0
463 0
464 0
465 0
466 0
467 0
468 0
469 0
470 0
471 0
472 0
473 0
474 0
475 0
476 0
477 0
478 0
479 0
480 0
481 0
482 0
483 0
484 0
485 0
486 0
487 0
488 0
489 0
490 0
491 0
492 0
493 0
494 0
495 0
496 0
497 0
498 0
499 0
500 0
501 0
502 0
503 0
504 0
505 0
506 0
507 0
508 0
509 0
510 0
511 0
512 0
