1 0
2 0
3 2
4 3
5 4
6 2
7 3
8 7
9 8
10 6
11 4
12 3
13 5
14 8
15 1
16 5
17 4
18 5
19 3
20 2
21 4
22 6
23 2
24 3
25 3
26 4
27 7
28 6
29 1
30 2
31 5
32 2
33 4
34 1
35 4
36 3
37 2
38 2
39 5
40 3
41 4
42 5
43 3
44 5
45 5
46 3
47 4
48 3
49 9
50 3
51 3
52 2
53 3
54 2
55 2
56 1
57 3
58 6
59 2
60 4
61 2
62 1
63 2
64 2
65 2
66 0
67 1
68 0
69 5
70 2
71 3
72 3
73 3
74 0
75 3
76 2
77 3
78 2
79 4
80 2
81 1
82 2
83 1
84 4
85 2
86 2
87 3
88 0
89 2
90 1
91 2
92 0
93 1
94 3
95 0
96 2
97 4
98 1
99 4
100 1
101 2
102 2
103 1
104 1
105 1
106 2
107 1
108 0
109 3
110 0
111 2
112 0
113 3
114 0
115 1
116 2
117 2
118 0
119 2
120 1
121 1
122 0
123 2
124 2
125 2
126 1
127 3
128 0
129 1
130 1
131 2
132 1
133 6
134 2
135 1
136 3
137 2
138 3
139 1
140 0
141 2
142 1
143 1
144 1
145 2
146 0
147 1
148 2
149 5
150 6
151 0
152 1
153 3
154 3
155 2
156 3
157 4
158 1
159 4
160 7
161 3
162 5
163 6
164 4
165 4
166 2
167 2
168 4
169 4
170 5
171 3
172 6
173 7
174 5
175 1
176 4
177 2
178 8
179 5
180 3
181 6
182 1
183 3
184 6
185 5
186 4
187 9
188 5
189 7
190 5
191 3
192 4
193 10
194 3
195 5
196 5
197 0
198 7
199 7
200 5
201 5
202 4
203 2
204 4
205 5
206 3
207 7
208 4
209 4
210 2
211 6
212 7
213 0
214 5
215 0
216 7
217 3
218 1
219 5
220 4
221 5
222 4
223 2
224 3
225 1
226 2
227 0
228 3
229 2
230 2
231 2
232 3
233 5
234 1
235 3
236 5
237 2
238 0
239 3
240 2
241 7
242 1
243 3
244 2
245 3
246 1
247 2
248 1
249 3
250 1
251 2
252 0
253 0
254 3
255 2
256 1
257 0
258 2
259 0
260 1
261 0
262 2
263 0
264 2
265 1
266 0
267 0
268 0
269 1
270 0
271 0
272 0
273 0
274 0
275 1
276 0
277 0
278 0
279 0
280 0
281 0
282 1
283 0
284 0
285 0
286 0
287 0
288 0
289 0
290 0
291 0
292 1
293 0
294 0
295 0
296 0
297 0
298 0
299 0
300 0
301 0
302 0
303 0
304 0
305 0
306 0
307 0
308 0
309 0
310 0
311 0
312 0
313 0
314 0
315 0
316 0
317 0
318 0
319 0
320 1
321 0
322 0
323 0
324 0
325 0
326 0
327 0
328 0
329 0
330 0
331 0
332 0
333 0
334 0
335 0
336 0
337 0
338 0
339 0
340 0
341 0
342 0
343 0
344 0
345 0
346 0
347 0
348 0
349 0
350 0
351 0
352 0
353 0
354 0
355 0
356 0
357 0
358 0
359 0
360 0
361 0
362 0
363 0
364 0
365 0
366 0
367 0
368 0
369 0
370 0
371 0
372 0
373 0
374 0
375 0
376 0
377 0
378 0
379 0
380 0
381 0
382 0
383 0
384 0
385 0
386 0
387 0
388 0
389 0
390 0
391 0
392 0
393 0
394 0
395 0
396 0
397 0
398 0
399 0
400 0
401 0
402 0
403 0
404 0
405 0
406 0
407 0
408 0
409 0
410 0
411 0
412 0
413 0
414 0
415 0
416 0
417 0
418 0
419 0
420 0
421 0
422 0
423 0
424 0
425 0
426 0
427 0
428 0
429 0
430 0
431 0
432 0
433 0
434 0
435 0
436 0
437 0
438 0
439 0
440 0
441 0
442 0
443 0
444 0
445 0
446 0
447 0
448 0
449 0
450 0
451 0
452 0
453 0
454 0
455 0
456 0
457 0
458 0
459 0
460 0
461 0
462 0
463 0
464 0
465 0
466 0
467 0
468 0
469 0
470 0
471 0
472 0
473 0
474 0
475 0
476 0
477 0
478 0
479 0
480 0
481 0
482 0
483 0
484 0
485 0
486 0
487 0
488 0
489 0
490 0
491 0
492 0
493 0
494 0
495 0
496 0
497 0
498 0
499 0
500 0
501 0
502 0
503 0
504 0
505 0
506 0
507 0
508 0
509 0
510 0
511 0
512 0
